/home/davide/anaconda2/bin/python2.7 /home/davide/workspace/CM/src/final_traning_MLcup.py
loss train:
[[ 11.70241612]
 [  4.63345862]
 [  4.08505779]
 [  3.34788214]
 [  2.69935847]
 [  2.49336689]
 [  2.2848732 ]
 [  2.18529101]
 [  2.50170388]
 [  2.36336495]
 [  1.85673737]
 [  1.83887647]
 [  1.93638496]
 [  1.73119738]
 [  1.72497824]
 [  1.71875399]
 [  1.79944844]
 [  1.8101318 ]
 [  2.43335182]
 [  1.73414273]
 [  2.20497848]
 [  1.73383263]
 [  1.75654434]
 [  1.69146478]
 [  1.53449932]
 [  1.82010688]
 [  1.69320959]
 [  1.89020478]
 [  2.0281058 ]
 [  1.82724203]
 [  1.63320373]
 [  1.56847003]
 [  1.49689478]
 [  1.6247448 ]
 [  1.54689921]
 [  1.57985791]
 [  1.85481698]
 [  2.10094089]
 [  1.81206129]
 [  1.56751855]
 [  1.44793971]
 [  1.52070473]
 [  1.55996153]
 [  1.54238631]
 [  1.71104997]
 [  1.59028551]
 [  1.59121745]
 [  1.63336498]
 [  1.57397384]
 [  1.65893456]
 [  1.66770136]
 [  1.96548722]
 [  1.49132599]
 [  1.44193688]
 [  1.39406948]
 [  1.38083487]
 [  1.3802899 ]
 [  1.54206543]
 [  1.51177761]
 [  1.55108206]
 [  1.5902697 ]
 [  1.44193447]
 [  1.59099811]
 [  1.4977108 ]
 [  1.42712881]
 [  1.39577357]
 [  1.37930827]
 [  1.53385823]
 [  1.47991783]
 [  1.54015428]
 [  1.68396913]
 [  1.87101538]
 [  1.4785764 ]
 [  1.35937587]
 [  1.35535572]
 [  1.39165072]
 [  1.34307019]
 [  1.37540572]
 [  1.41591947]
 [  1.457388  ]
 [  1.49402313]
 [  1.33734675]
 [  1.71506389]
 [  1.52615633]
 [  1.396147  ]
 [  1.45153217]
 [  1.32744141]
 [  1.42895434]
 [  1.44676007]
 [  1.35171644]
 [  1.35404471]
 [  1.39044545]
 [  1.48180019]
 [  1.38011288]
 [  1.37488913]
 [  1.32725886]
 [  1.37344744]
 [  1.32802241]
 [  1.70718073]
 [  1.45894016]
 [  1.33725859]
 [  1.4161132 ]
 [  1.50030471]
 [  1.36685491]
 [  1.57168562]
 [  1.43636227]
 [  1.5066101 ]
 [  1.33356573]
 [  1.34370444]
 [  1.36337058]
 [  1.88293911]
 [  1.75722174]
 [  1.57060366]
 [  1.43387424]
 [  1.34153705]
 [  1.84395369]
 [  1.34317722]
 [  1.45846607]
 [  1.42646101]
 [  1.36332032]
 [  1.41223788]
 [  1.40001841]
 [  1.32961611]
 [  1.5382596 ]
 [  1.54753764]
 [  1.36259321]
 [  1.40212018]
 [  1.65044349]
 [  1.90808975]
 [  1.40233432]
 [  1.34015154]
 [  1.34500726]
 [  1.3444361 ]
 [  1.68140202]
 [  1.44289054]
 [  1.40467947]
 [  1.3413405 ]
 [  1.34975125]
 [  1.29630326]
 [  1.35793215]
 [  1.34269677]
 [  1.41428139]
 [  1.4872569 ]
 [  1.73338874]
 [  1.54606532]
 [  1.31775498]
 [  1.47431407]
 [  1.31032406]
 [  1.33770953]
 [  1.41795418]
 [  1.3387709 ]
 [  1.49493848]
 [  1.32557633]
 [  1.36362801]
 [  1.36594973]
 [  1.36140713]
 [  1.28437345]
 [  1.34171438]
 [  1.35170762]
 [  1.32536734]
 [  1.45191756]
 [  1.44933158]
 [  1.69253455]
 [  1.54823915]
 [  1.66430953]
 [  1.47655061]
 [  1.43561535]
 [  1.29291558]
 [  1.31684108]
 [  1.33647046]
 [  1.42272475]
 [  1.36495617]
 [  1.96786631]
 [  1.9457161 ]
 [  1.34668852]
 [  1.29576026]
 [  1.38212468]
 [  1.29399987]
 [  1.3405843 ]
 [  1.41541449]
 [  1.36305609]
 [  1.42759018]
 [  2.15075772]
 [  1.35804233]
 [  1.37148886]
 [  1.37909267]
 [  1.39728091]
 [  1.38481066]
 [  1.3068425 ]
 [  1.29059732]
 [  1.28613977]
 [  1.35552231]
 [  1.38594394]
 [  1.29520641]
 [  1.73766259]
 [  1.41941606]
 [  1.29341592]
 [  1.32232391]
 [  1.8152496 ]
 [  1.52666304]]
loss validation:
[[ 4.9236574 ]
 [ 4.13348854]
 [ 3.13615704]
 [ 2.73075252]
 [ 2.61002728]
 [ 2.04033059]
 [ 2.10033967]
 [ 2.56058186]
 [ 2.15829481]
 [ 1.78501321]
 [ 1.87805609]
 [ 1.95413136]
 [ 1.61453003]
 [ 1.79358073]
 [ 1.77051941]
 [ 1.71600605]
 [ 1.68446615]
 [ 2.0669609 ]
 [ 1.80563492]
 [ 2.40932085]
 [ 1.83476236]
 [ 1.77678936]
 [ 1.72329469]
 [ 1.55845483]
 [ 1.79179764]
 [ 1.6903397 ]
 [ 1.82475141]
 [ 2.03137539]
 [ 1.94790696]
 [ 1.86701369]
 [ 1.53694087]
 [ 1.47394375]
 [ 1.61669359]
 [ 1.58948931]
 [ 1.5647519 ]
 [ 1.98915455]
 [ 2.01608057]
 [ 1.83668929]
 [ 1.66726956]
 [ 1.46936419]
 [ 1.47431281]
 [ 1.57902455]
 [ 1.47499647]
 [ 1.70488212]
 [ 1.6643465 ]
 [ 1.64668996]
 [ 1.54368952]
 [ 1.60912953]
 [ 1.68222101]
 [ 1.63765132]
 [ 1.97571123]
 [ 1.44384209]
 [ 1.4315208 ]
 [ 1.47331927]
 [ 1.40327728]
 [ 1.37984906]
 [ 1.66001414]
 [ 1.50440895]
 [ 1.7021087 ]
 [ 1.63805843]
 [ 1.39187947]
 [ 1.59529058]
 [ 1.46721527]
 [ 1.50203407]
 [ 1.37322963]
 [ 1.36084434]
 [ 1.52439035]
 [ 1.46341315]
 [ 1.43216076]
 [ 1.57806512]
 [ 1.88876992]
 [ 1.41300614]
 [ 1.32945778]
 [ 1.32721775]
 [ 1.45269078]
 [ 1.44257465]
 [ 1.36094586]
 [ 1.46312431]
 [ 1.39558061]
 [ 1.4922791 ]
 [ 1.34418312]
 [ 1.82080765]
 [ 1.60815439]
 [ 1.45653096]
 [ 1.40839743]
 [ 1.3288797 ]
 [ 1.4632698 ]
 [ 1.48085578]
 [ 1.3683694 ]
 [ 1.36783906]
 [ 1.38483264]
 [ 1.48733   ]
 [ 1.43382009]
 [ 1.3469551 ]
 [ 1.31687288]
 [ 1.3535499 ]
 [ 1.32523542]
 [ 1.54532079]
 [ 1.468171  ]
 [ 1.38447455]
 [ 1.4544636 ]
 [ 1.44805984]
 [ 1.41003169]
 [ 1.59267927]
 [ 1.44865601]
 [ 1.44755053]
 [ 1.35837621]
 [ 1.37848017]
 [ 1.3229547 ]
 [ 1.9316221 ]
 [ 1.71658198]
 [ 1.69485709]
 [ 1.5019218 ]
 [ 1.36834245]
 [ 1.85488384]
 [ 1.32918911]
 [ 1.45766651]
 [ 1.40705688]
 [ 1.39548377]
 [ 1.32524806]
 [ 1.44848314]
 [ 1.32509136]
 [ 1.62072637]
 [ 1.42935301]
 [ 1.42662909]
 [ 1.3858909 ]
 [ 1.55344931]
 [ 1.82351634]
 [ 1.45814689]
 [ 1.28364313]
 [ 1.36701113]
 [ 1.30189585]
 [ 1.61661671]
 [ 1.44754025]
 [ 1.48615671]
 [ 1.33411385]
 [ 1.4524751 ]
 [ 1.3400201 ]
 [ 1.35502596]
 [ 1.34424442]
 [ 1.37898763]
 [ 1.3979148 ]
 [ 1.91839733]
 [ 1.55572092]
 [ 1.32511866]
 [ 1.54009212]
 [ 1.34521402]
 [ 1.36743639]
 [ 1.42587665]
 [ 1.37896452]
 [ 1.41021235]
 [ 1.31612311]
 [ 1.44549265]
 [ 1.33058768]
 [ 1.40690426]
 [ 1.32691212]
 [ 1.38810341]
 [ 1.36103931]
 [ 1.33728667]
 [ 1.49967808]
 [ 1.41472133]
 [ 1.70792826]
 [ 1.57473639]
 [ 1.61677548]
 [ 1.59393157]
 [ 1.44748145]
 [ 1.28657577]
 [ 1.38995768]
 [ 1.32595102]
 [ 1.47169042]
 [ 1.43941851]
 [ 1.9124025 ]
 [ 2.07031871]
 [ 1.36142304]
 [ 1.35077209]
 [ 1.36273119]
 [ 1.30575503]
 [ 1.36455448]
 [ 1.45756055]
 [ 1.370402  ]
 [ 1.48928717]
 [ 2.10243243]
 [ 1.29162532]
 [ 1.42096028]
 [ 1.48493726]
 [ 1.42712475]
 [ 1.41325745]
 [ 1.30367477]
 [ 1.29391445]
 [ 1.29391333]
 [ 1.37084331]
 [ 1.41182846]
 [ 1.30056354]
 [ 1.65044086]
 [ 1.47436714]
 [ 1.32777946]
 [ 1.33185034]
 [ 1.87762256]
 [ 1.56447849]
 [ 1.54080038]]
epoch with least error on validation: 130
MEE at epoch 130, (TR,VL) = 1.402334, 1.283643
