fai Ctl-F 32.359156 per vedere valore di alpha alto,
alla fine del file si vede alpha=100 e crasha subito dopo


LBFGS-MONK2

BEGIN GRID SEARCH L-BFGS: 12 experiments
0 out of 12 experiments

epoch		MSE		misclass	norm(g)		norm(h)		rho		alpha
------------------------------------------------------------------------------------------------------
1		1.063088	0.352941	0.775251	19.519221	1.344488	0.222665
2		0.986368	0.369748	0.665682	3.293419	99.889308	1.000000
3		0.886708	0.361345	0.591043	4.260232	5.701959	0.189573
4		0.855119	0.336134	0.265936	3.639293	16.994997	1.000000
5		0.843655	0.336134	0.247991	3.044259	609.258398	1.000000
6		0.756529	0.277311	0.311707	12.847192	7.509957	1.000000
7		0.707132	0.243697	0.720009	15.710994	9.538689	1.000000
8		0.653679	0.252101	0.288409	3.564765	13.388610	1.000000
9		0.635097	0.226891	0.322872	2.728244	189.868184	1.000000
10		0.583737	0.218487	0.903539	7.484145	4.497373	1.000000
11		0.545796	0.193277	0.616976	4.358391	5.696408	1.000000
12		0.522859	0.193277	0.368579	1.997093	60.121980	1.000000
13		0.500678	0.159664	0.351755	2.005611	52.330681	1.000000
14		0.484132	0.142857	0.406492	3.681252	13.890213	1.000000
15		0.472066	0.134454	0.252812	3.765088	57.675850	1.000000
16		0.464479	0.134454	0.296079	1.463680	943.601637	1.000000
17		0.396750	0.126050	0.499482	2.853459	6.940078	1.000000
18		0.344207	0.092437	0.566822	6.785274	20.209437	1.000000
19		0.273338	0.075630	0.479886	2.253172	16.035882	1.000000
20		0.265414	0.084034	1.310833	17.849227	3.472577	0.721670
21		0.186166	0.042017	0.672514	2.200767	20.253823	1.000000
22		0.152991	0.025210	0.247108	2.223364	14.532323	1.000000
23		0.146309	0.016807	0.206170	2.054036	1273.523244	1.234568
24		0.111648	0.025210	0.308388	5.964473	13.146601	1.000000
25		0.103095	0.016807	0.402259	18.747625	25.317343	0.325711
26		0.092490	0.016807	0.246194	2.399016	231.992644	1.000000
27		0.077857	0.016807	0.138541	2.748598	68.200221	1.000000
28		0.066551	0.008403	0.127972	4.007453	134.904454	1.000000
29		0.042533	0.000000	0.096026	18.979103	36.693011	1.000000
30		0.029596	0.000000	0.223366	25.917945	42.952351	1.000000
31		0.018519	0.000000	0.116803	8.605052	33.333108	1.000000
32		0.015576	0.000000	0.073505	6.451429	976.922591	1.000000
33		0.009340	0.000000	0.038695	7.295053	212.995029	1.000000
34		0.004704	0.000000	0.040888	22.992596	137.887448	1.000000
35		0.003041	0.000000	0.041581	46.039620	114.299666	1.000000
36		0.001980	0.000000	0.014662	30.568898	980.168237	1.000000
37		0.001655	0.000000	0.008115	24.756108	4563.666917	1.000000
38		0.001260	0.000000	0.006711	38.894017	4949.144999	1.000000
39		0.000700	0.000000	0.008197	149.450149	836.913719	1.000000
40		0.000334	0.000000	0.001632	162.255217	1721.053265	1.000000
41		0.000255	0.000000	0.001337	165.021349	33583.585800	1.000000
42		0.000142	0.000000	0.001525	3712.708514	3113.363903	1.000000
43		0.000099	0.000000	0.001358	1337.746508	4970.854495	1.000000
44		0.000070	0.000000	0.000611	644.872547	46787.705376	1.000000
45		0.000055	0.000000	0.000274	707.665738	103204.767893	1.000000
46		0.000043	0.000000	0.000163	1273.833872	140032.618802	1.000000
47		0.000026	0.000000	0.000183	4607.422677	62926.140180	1.000000
48		0.000023	0.000000	0.000403	10974.996074	18575.038194	0.842021
49		0.000013	0.000000	0.000146	3494.978790	104320.533461	1.000000
50		0.000010	0.000000	0.000062	2819.101864	515065.633462	1.000000
51		0.000009	0.000000	0.000030	4745.590091	1059019.842392	1.000000
52		0.000008	0.000000	0.000033	6619.447543	1997619.845778	1.000000
53		0.000005	0.000000	0.000034	17768.521171	245699.468235	1.000000
54		0.000003	0.000000	0.000032	28635.444048	374651.233844	1.000000
55		0.000002	0.000000	0.000012	25200.797296	703429.267805	1.000000
56		0.000001	0.000000	0.000009	54176.160539	1327078.136602	1.000000
57		0.000001	0.000000	0.000012	348098.030920	708887.880030	0.510229
58		0.000000	0.000000	0.000005	85221.685466	4648424.975232	1.000000
59		0.000000	0.000000	0.000002	82925.176100	13105931.916569	1.000000
60		0.000000	0.000000	0.000001	137938.621562	26996615.816030	1.000000
61		0.000000	0.000000	0.000001	247037.142709	23654886.181475	1.000000
break at 60

epoch		MSE		misclass	norm(g)		norm(h)		rho		alpha
------------------------------------------------------------------------------------------------------
1		0.993297	0.436975	1.140070	19.519221	2.526027	1.000000
2		0.886151	0.361345	0.406417	4.241959	8.347163	1.000000
3		0.850448	0.378151	0.412905	2.335754	39.394989	1.000000
4		0.812520	0.336134	0.406085	4.312684	7.552699	1.000000
5		0.795221	0.336134	0.301399	5.548065	37.107377	1.000000
6		0.782462	0.327731	0.321030	2.066691	547.770562	1.000000
7		0.726579	0.260504	0.740173	6.987284	6.848860	0.531111
8		0.681837	0.252101	0.415832	3.175949	29.657351	1.000000
9		0.636400	0.235294	0.529025	2.025722	35.131481	1.000000
10		0.549216	0.210084	0.500910	2.922811	6.952103	1.000000
11		0.432630	0.159664	0.432128	13.035190	7.041215	1.000000
12		0.405083	0.176471	0.969910	8.180886	8.037447	0.671756
13		0.361965	0.126050	0.493475	1.844993	42.718488	1.000000
14		0.330728	0.092437	0.453246	1.597615	18.924483	1.000000
15		0.311752	0.075630	0.367077	1.751666	110.788234	1.000000
16		0.262341	0.067227	0.440733	3.866092	32.265351	1.000000
17		0.172294	0.042017	0.584848	3.959499	7.982990	1.000000
18		0.124733	0.033613	0.759550	10.145536	9.232795	0.410611
19		0.081066	0.008403	0.385911	2.200873	33.737664	1.000000
20		0.051515	0.016807	0.239361	2.920758	34.228608	1.000000
21		0.027025	0.000000	0.191311	7.220641	45.869373	1.000000
22		0.019289	0.000000	0.250309	16.014331	30.001781	0.528858
23		0.011441	0.000000	0.106712	5.016580	159.399493	1.000000
24		0.007754	0.000000	0.045030	5.092873	366.107897	1.000000
25		0.004880	0.000000	0.027313	8.857955	536.392434	1.000000
26		0.003264	0.000000	0.051062	48.943150	189.405231	1.000000
27		0.001348	0.000000	0.010627	30.978556	379.868690	1.000000
28		0.001043	0.000000	0.006292	29.477410	7936.851197	1.000000
29		0.000580	0.000000	0.004998	94.102092	2361.266504	1.000000
30		0.000578	0.000000	0.009652	838.127980	1443.297523	0.300176
31		0.000434	0.000000	0.003831	79.991664	7088.643846	1.000000
32		0.000394	0.000000	0.002055	74.411927	32557.744744	1.000000
33		0.000362	0.000000	0.001668	108.714687	50547.051252	1.000000
34		0.000303	0.000000	0.001487	170.880851	23587.502853	1.000000
35		0.000237	0.000000	0.002257	785.587378	5219.749696	1.000000
36		0.000197	0.000000	0.001207	444.961309	8478.966578	1.000000
37		0.000184	0.000000	0.000867	259.357327	314123.476184	1.000000
38		0.000138	0.000000	0.000626	293.619360	30953.896700	1.000000
39		0.000091	0.000000	0.000778	780.046688	12003.157872	1.000000
40		0.000066	0.000000	0.000609	1219.458572	19286.054884	1.000000
41		0.000053	0.000000	0.000350	815.893799	146214.866746	1.000000
42		0.000035	0.000000	0.000264	1328.476268	81335.211978	1.000000
43		0.000018	0.000000	0.000210	7537.414979	27945.370315	1.000000
44		0.000009	0.000000	0.000122	5550.047022	62892.155753	1.000000
45		0.000005	0.000000	0.000040	5026.260818	289745.762335	1.000000
46		0.000004	0.000000	0.000025	8925.685846	962344.545563	1.000000
47		0.000002	0.000000	0.000025	69517.056386	449547.921326	1.000000
48		0.000001	0.000000	0.000008	28345.421494	1025144.236334	1.000000
49		0.000001	0.000000	0.000006	58763.751542	3169604.061730	1.000000
50		0.000001	0.000000	0.000003	791048.041167	5943784.690131	0.133314
51		0.000001	0.000000	0.000003	69286.915296	220578343.450172	1.111111
52		0.000000	0.000000	0.000002	334004.674396	3636278.634154	1.000000
53		0.000000	0.000000	0.000001	1452323.495758	9544682.833835	0.154538
54		0.000000	0.000000	0.000001	171514.692808	515199176.937903	1.111111
55		0.000000	0.000000	0.000001	424224.714909	8428792.646290	1.000000
break at 54

epoch		MSE		misclass	norm(g)		norm(h)		rho		alpha
------------------------------------------------------------------------------------------------------
1		0.979817	0.386555	0.677309	19.519221	4.663614	1.000000
2		0.916472	0.327731	0.326216	6.098882	8.237841	1.000000
3		0.894188	0.336134	0.285606	4.056143	190.376807	1.000000
4		0.868520	0.294118	0.436908	19.843249	3.448623	1.000000
5		0.829446	0.285714	0.237167	12.545175	12.353177	1.000000
6		0.824879	0.294118	0.182804	6.299848	80.742603	0.584765
7		0.821542	0.294118	0.150515	2.353007	2692.147177	1.111111
8		0.787994	0.252101	0.428253	2.130587	30.828880	1.000000
9		0.754989	0.260504	0.478321	2.800431	10.632026	1.000000
10		0.740040	0.294118	0.784247	14.517207	9.452993	0.435476
11		0.710778	0.294118	0.380352	2.064063	47.071416	1.000000
12		0.693700	0.252101	0.281741	1.856986	57.181444	1.000000
13		0.675988	0.252101	0.321719	2.138153	129.093454	1.000000
14		0.654934	0.252101	0.503784	7.500242	13.161762	0.485132
15		0.639796	0.243697	0.229523	2.728015	84.796212	1.000000
16		0.629305	0.235294	0.273864	1.754245	131.629434	1.000000
17		0.606025	0.218487	0.454836	1.869516	114.712402	1.000000
18		0.538568	0.142857	0.618401	3.175636	4.410800	1.000000
19		0.521411	0.193277	1.463523	15.691911	3.452552	0.637571
20		0.440897	0.142857	0.512147	1.949252	11.862282	1.000000
21		0.423845	0.126050	0.328906	1.503188	52.190948	1.000000
22		0.409141	0.109244	0.369745	1.558072	209.962568	1.000000
23		0.384541	0.126050	0.692954	3.555110	5.401899	1.000000
24		0.359149	0.100840	0.351564	3.876676	18.044829	1.000000
25		0.351809	0.100840	0.274349	1.467296	630.658989	1.000000
26		0.330068	0.075630	0.239750	3.242810	26.939347	1.000000
27		0.312784	0.067227	0.261743	6.607703	101.298739	1.000000
28		0.283106	0.058824	0.471986	3.306556	18.627764	1.000000
29		0.243652	0.067227	0.466299	3.830138	51.112030	1.000000
30		0.169262	0.033613	0.589670	2.905415	5.847848	1.000000
31		0.136337	0.042017	1.073811	12.382628	3.401159	1.000000
32		0.077924	0.000000	0.300132	2.925098	12.336278	1.000000
33		0.068336	0.000000	0.227285	1.908041	188.407250	1.000000
34		0.052524	0.000000	0.133052	2.935032	54.089534	1.000000
35		0.045096	0.000000	0.234271	9.827127	72.593452	1.000000
36		0.036736	0.000000	0.146788	3.318119	232.032535	1.000000
37		0.026776	0.000000	0.085655	7.419738	122.013861	1.000000
38		0.019029	0.000000	0.084229	20.369540	130.493529	1.000000
39		0.016797	0.000000	0.077669	32.640851	210.305688	0.229949
40		0.015414	0.000000	0.065066	4.823164	5670.785729	1.000000
41		0.008333	0.000000	0.065766	18.226134	118.310700	1.000000
42		0.007415	0.000000	0.056729	228.010335	168.428269	0.070176
43		0.006759	0.000000	0.025391	9.038602	1596.836816	1.000000
44		0.006490	0.000000	0.018141	9.332175	5643.748683	1.000000
45		0.006036	0.000000	0.021428	10.680812	5043.841065	1.000000
46		0.004624	0.000000	0.012465	20.605620	544.246975	1.000000
47		0.004307	0.000000	0.033228	68.277110	649.999088	1.000000
48		0.003761	0.000000	0.013231	22.580592	2166.274911	1.000000
49		0.003484	0.000000	0.011249	16.390223	5195.890169	1.000000
50		0.003010	0.000000	0.012334	22.851781	3351.374541	1.000000
51		0.002788	0.000000	0.033098	183.778482	483.251773	0.484810
52		0.002227	0.000000	0.014587	25.371904	2455.467588	1.000000
53		0.001971	0.000000	0.005954	21.635092	4020.857054	1.000000
54		0.001805	0.000000	0.007582	27.163231	15532.841294	1.000000
55		0.001126	0.000000	0.004817	47.484510	2004.159042	1.000000
56		0.000934	0.000000	0.014864	633.343530	682.039332	1.000000
57		0.000582	0.000000	0.005307	84.619025	3118.019432	1.000000
58		0.000466	0.000000	0.002250	64.752057	12678.568705	1.000000
59		0.000358	0.000000	0.001709	106.164378	16917.261825	1.000000
60		0.000175	0.000000	0.000801	278.352014	5048.235769	1.000000
61		0.000101	0.000000	0.001557	1024.985860	5886.765822	1.000000
62		0.000035	0.000000	0.000230	840.398966	10548.303721	1.000000
63		0.000023	0.000000	0.000140	1002.439379	210284.120060	1.000000
64		0.000011	0.000000	0.000167	10069.001617	71495.168902	1.000000
65		0.000006	0.000000	0.000081	35766.382407	57455.448209	0.221185
66		0.000005	0.000000	0.000049	6252.820794	2248433.978312	1.000000
67		0.000004	0.000000	0.000015	8068.333480	842766.738096	1.000000
68		0.000003	0.000000	0.000011	13544.130999	1645395.807408	1.000000
69		0.000002	0.000000	0.000045	123775.324455	232611.099099	1.000000
70		0.000001	0.000000	0.000014	34878.421183	700292.948419	1.000000
71		0.000001	0.000000	0.000007	27979.587194	6371822.511032	1.000000
72		0.000000	0.000000	0.000002	60737.227428	6313979.043414	1.000000
73		0.000000	0.000000	0.000001	132081.010165	7810915.496858	1.000000
74		0.000000	0.000000	0.000001	1696034.124968	9748978.674602	1.000000
75		0.000000	0.000000	0.000001	4206526.028331	9213623.521939	0.218578
76		0.000000	0.000000	0.000001	567542.759114	97947773.906747	1.000000
break at 75

epoch		MSE		misclass	norm(g)		norm(h)		rho		alpha
------------------------------------------------------------------------------------------------------
1		1.449637	0.378151	0.316080	19.519221	0.607806	1.000000
2		1.266538	0.369748	0.403894	16.358846	53.422862	2.090752
3		1.232799	0.420168	0.534697	4.189013	13.339121	0.033804
4		1.140529	0.411765	0.559862	7.204810	69.517100	1.000000
5		1.071046	0.386555	1.133551	8.161409	1.663494	0.301571
6		0.890143	0.352941	0.522218	8.890660	2.510936	1.000000
7		0.847644	0.336134	0.447086	4.027155	149.267333	1.000000
8		0.767214	0.310924	1.021177	11.152756	1.487759	1.000000
9		0.701860	0.285714	0.844305	7.151105	3.484401	1.000000
10		0.662291	0.243697	0.425455	2.153074	38.545427	1.000000
11		0.639481	0.218487	0.391437	2.091886	27.624905	1.000000
12		0.621764	0.193277	0.360855	1.971629	198.058511	1.000000
13		0.603095	0.268908	1.214840	9.830170	4.385420	1.000000
14		0.543071	0.193277	0.599136	2.022131	25.129823	1.000000
15		0.519873	0.142857	0.368776	1.802918	19.816148	1.000000
16		0.511220	0.126050	0.311351	1.524085	1054.219976	1.000000
17		0.456185	0.134454	0.435844	3.462063	9.583985	1.000000
18		0.408001	0.134454	0.931131	9.426050	10.702897	1.000000
19		0.336448	0.109244	0.829538	1.707085	68.741341	1.000000
20		0.282736	0.126050	1.676202	11.322544	1.221822	1.000000
21		0.127175	0.033613	0.882098	2.699500	10.315963	1.000000
22		0.065186	0.008403	0.219215	2.778741	7.431468	1.000000
23		0.060152	0.008403	0.173527	2.596542	1209.510683	1.000000
24		0.038334	0.000000	0.145897	5.297060	34.412973	1.000000
25		0.027437	0.000000	0.239154	18.013249	30.708486	1.000000
26		0.016774	0.000000	0.104193	6.035146	129.596906	1.000000
27		0.010841	0.000000	0.039688	7.439271	239.763407	1.000000
28		0.006419	0.000000	0.029283	14.368553	282.281867	1.000000
29		0.005697	0.000000	0.029493	258.797991	640.796528	0.139446
30		0.005077	0.000000	0.020450	16.222462	5199.313977	1.000000
31		0.003605	0.000000	0.013448	31.670172	910.942150	1.000000
32		0.001960	0.000000	0.011855	100.706003	620.027853	1.000000
33		0.001917	0.000000	0.025680	267.544960	279.765746	0.569870
34		0.001250	0.000000	0.010538	55.049768	1641.852881	1.000000
35		0.001088	0.000000	0.003885	50.837909	5379.812330	1.000000
36		0.001050	0.000000	0.002622	67.437354	40451.518536	1.000000
37		0.000992	0.000000	0.002985	76.508704	34572.227359	1.000000
38		0.000815	0.000000	0.002766	120.816451	7230.564326	1.000000
39		0.000590	0.000000	0.006086	796.405456	1703.852584	1.000000
40		0.000348	0.000000	0.002473	199.290377	5187.313601	1.000000
41		0.000216	0.000000	0.001245	244.934372	13103.171345	1.000000
42		0.000104	0.000000	0.000995	813.528950	9834.087751	1.000000
43		0.000096	0.000000	0.001230	7088.075372	6312.296478	0.241556
44		0.000072	0.000000	0.000411	769.921606	33952.909969	1.000000
45		0.000068	0.000000	0.000256	762.682427	359425.343308	1.000000
46		0.000062	0.000000	0.000225	1031.016148	324420.169308	1.000000
47		0.000051	0.000000	0.000170	1687.036319	118044.765153	1.000000
48		0.000040	0.000000	0.000227	11591.784153	35797.054149	1.000000
49		0.000032	0.000000	0.000222	5625.277486	81369.437446	1.000000
50		0.000024	0.000000	0.000128	2709.305951	219828.440756	1.000000
51		0.000016	0.000000	0.000062	6817.583785	201748.525250	1.000000
52		0.000008	0.000000	0.000080	11758.358084	115746.259688	1.000000
53		0.000008	0.000000	0.000159	45778.332987	33431.610746	0.699359
54		0.000003	0.000000	0.000045	11556.683902	174282.048838	1.000000
55		0.000002	0.000000	0.000025	8601.605275	2554373.257064	1.000000
56		0.000002	0.000000	0.000010	18311.792182	2600230.351118	1.000000
57		0.000002	0.000000	0.000008	25889.618621	10329415.811284	1.000000
58		0.000001	0.000000	0.000007	40225.676195	4683337.981420	1.000000
59		0.000001	0.000000	0.000019	218231.222543	462148.469861	1.000000
60		0.000001	0.000000	0.000005	78897.954858	1756497.319461	1.000000
61		0.000001	0.000000	0.000002	55391.278860	17836268.754622	1.000000
62		0.000001	0.000000	0.000002	79660.548964	37403581.870946	1.000000
63		0.000001	0.000000	0.000003	103108.756755	17934963.012165	1.000000
64		0.000000	0.000000	0.000005	474199.924912	970235.028966	1.000000
65		0.000000	0.000000	0.000001	374927.695540	3248013.217250	1.000000
break at 64

epoch		MSE		misclass	norm(g)		norm(h)		rho		alpha
------------------------------------------------------------------------------------------------------
1		1.002473	0.462185	1.152464	19.519221	3.019901	0.737447
2		0.924147	0.361345	0.350704	3.300331	10.365976	1.000000
3		0.907324	0.344538	0.312342	2.055288	95.086753	1.000000
4		0.871600	0.344538	0.340733	2.579581	47.171458	1.000000
5		0.850789	0.319328	0.320986	11.063406	24.067727	0.250498
6		0.839389	0.336134	0.245518	2.574393	313.362862	1.000000
7		0.809450	0.344538	0.233500	5.874700	26.613392	1.000000
8		0.793294	0.310924	0.865039	23.553273	7.824565	1.000000
9		0.749570	0.285714	0.429562	2.692032	39.099670	1.000000
10		0.729287	0.235294	0.382160	2.328610	20.095412	1.000000
11		0.719773	0.243697	0.294379	1.877132	847.436915	1.000000
12		0.663431	0.226891	0.455180	2.233503	10.602875	1.000000
13		0.636037	0.235294	0.411571	4.036515	18.742442	1.000000
14		0.612444	0.201681	0.379196	2.771344	359.364938	1.000000
15		0.506661	0.184874	0.927545	3.899435	1.725674	1.000000
16		0.487775	0.168067	1.298766	11.528646	1.828015	1.000000
17		0.394782	0.126050	0.445505	2.565901	8.327432	1.000000
18		0.375635	0.109244	0.326551	2.334209	82.234964	1.000000
19		0.346041	0.100840	0.383410	2.585177	40.268295	1.000000
20		0.312106	0.084034	0.419850	4.908129	10.453049	1.000000
21		0.287713	0.092437	0.270135	4.529631	75.424693	1.000000
22		0.252960	0.058824	0.250187	3.162240	25.328333	1.000000
23		0.242639	0.075630	0.682638	10.277072	10.792770	1.000000
24		0.215070	0.042017	0.302499	2.880992	48.856403	1.000000
25		0.201481	0.033613	0.221002	2.179401	64.319317	1.000000
26		0.189646	0.033613	0.233381	2.450221	200.986685	1.000000
27		0.173037	0.042017	0.324043	10.658203	27.177222	0.443787
28		0.160103	0.033613	0.234517	3.032185	250.101412	1.000000
29		0.130896	0.025210	0.178922	5.740296	28.561380	1.000000
30		0.105476	0.016807	0.275588	26.519995	18.710171	1.000000
31		0.093934	0.016807	0.231080	7.866604	28.142314	1.000000
32		0.087206	0.016807	0.152594	3.986305	489.862963	1.000000
33		0.068687	0.016807	0.115272	4.014851	81.835779	1.000000
34		0.049531	0.000000	0.325515	8.960825	16.323037	1.000000
35		0.035866	0.000000	0.121131	8.261139	45.063685	1.000000
36		0.031752	0.000000	0.109200	3.950479	1077.851626	1.000000
37		0.022946	0.000000	0.237415	20.365035	24.306181	1.000000
38		0.011766	0.000000	0.062811	9.582198	71.205577	1.000000
39		0.009782	0.000000	0.039021	7.873746	911.899209	1.000000
40		0.006809	0.000000	0.026223	13.559791	450.189743	1.000000
41		0.005384	0.000000	0.058524	78.208991	151.112654	1.000000
42		0.003288	0.000000	0.018929	28.517524	452.045139	1.000000
43		0.002723	0.000000	0.009892	24.671210	3011.979859	1.000000
44		0.001977	0.000000	0.007574	38.285731	2308.955491	1.000000
45		0.001583	0.000000	0.022783	215.787864	365.948444	1.000000
46		0.000747	0.000000	0.006450	86.225821	1008.781365	1.000000
47		0.000587	0.000000	0.003031	69.394022	10551.234088	1.000000
48		0.000446	0.000000	0.001859	128.562815	9902.970128	1.000000
49		0.000276	0.000000	0.001480	276.098111	7894.750373	1.000000
50		0.000224	0.000000	0.003775	3191.738230	1397.329437	1.000000
51		0.000072	0.000000	0.000440	805.065248	3094.887124	1.000000
52		0.000066	0.000000	0.000343	490.584777	663760.175174	1.000000
53		0.000045	0.000000	0.000150	1815.425801	58334.949020	1.000000
54		0.000028	0.000000	0.000119	5130.269103	89217.760873	1.000000
55		0.000025	0.000000	0.000454	11493.434445	17777.540379	1.000000
56		0.000011	0.000000	0.000146	3947.436742	67642.533989	1.000000
57		0.000008	0.000000	0.000068	3019.170965	510034.339389	1.000000
58		0.000006	0.000000	0.000021	6127.877684	630655.957631	1.000000
59		0.000004	0.000000	0.000016	10337.590654	1135334.992590	1.000000
60		0.000002	0.000000	0.000024	47279.363378	225146.743797	1.000000
61		0.000001	0.000000	0.000008	76088.773789	291387.606801	1.000000
62		0.000000	0.000000	0.000004	70885.942740	11265342.024222	1.000000
63		0.000000	0.000000	0.000001	97420.759296	8485663.909438	1.000000
64		0.000000	0.000000	0.000001	287018.856721	9677188.094465	1.000000
65		0.000000	0.000000	0.000002	4650457.147289	9442036.546400	0.191918
66		0.000000	0.000000	0.000001	379358.703732	60218835.975036	1.000000
break at 65
../grid_search_results/lbfgs/monk2/c1_0,001-c2_0,9-theta_0,9-reg_0,0-m_1-arc_[17,20,1,] got MEE (TR/VL) 1.25897452472e-07 1.37319664183e-07
1 out of 12 experiments

epoch		MSE		misclass	norm(g)		norm(h)		rho		alpha
------------------------------------------------------------------------------------------------------
1		1.050363	0.378151	0.380829	17.349352	1.824689	0.178123
2		1.007325	0.394958	0.362101	2.924026	219.243107	1.881676
3		1.004930	0.445378	1.214939	12.837385	1.421561	0.703187
4		0.934185	0.336134	0.553164	6.936385	4.382739	0.481898
5		0.904493	0.336134	0.430641	1.999488	87.165510	1.000000
6		0.846374	0.319328	0.548983	2.668613	8.743585	1.000000
7		0.825525	0.310924	0.347115	4.527190	9.886143	1.000000
8		0.814874	0.310924	0.210749	2.724095	169.750779	1.000000
9		0.804334	0.327731	0.226583	2.708255	57.054026	1.000000
10		0.795783	0.268908	0.197021	3.818157	117.234603	1.000000
11		0.783223	0.268908	0.249257	3.147208	254.915081	1.000000
12		0.729731	0.277311	0.880529	9.428525	4.988385	1.000000
13		0.682784	0.243697	0.730553	4.727755	6.558778	1.000000
14		0.651769	0.252101	0.531884	1.566395	133.831876	1.000000
15		0.611618	0.235294	0.814611	1.969186	4.218443	1.000000
16		0.576714	0.193277	0.322774	2.753820	19.955811	1.000000
17		0.565531	0.168067	0.319372	1.467517	286.178119	1.000000
18		0.535724	0.151261	0.557381	2.884828	9.980397	1.000000
19		0.504668	0.126050	0.398428	3.491353	55.470765	1.000000
20		0.453417	0.126050	0.545664	1.489938	22.172326	1.000000
21		0.430819	0.142857	1.000182	3.327941	4.254191	1.000000
22		0.375981	0.075630	0.453557	2.313686	21.200462	1.000000
23		0.352662	0.092437	0.281250	1.889477	36.800511	1.000000
24		0.333637	0.084034	0.295422	3.718245	99.968410	1.000000
25		0.308219	0.092437	0.636972	4.424691	9.738909	1.000000
26		0.284510	0.058824	0.384756	3.212316	20.217961	1.000000
27		0.244913	0.058824	0.335917	1.438661	231.920635	3.540706
28		0.154629	0.033613	0.777120	4.490364	1.174100	0.819768
29		0.143405	0.033613	1.235560	21.892656	1.864799	0.700666
30		0.039505	0.000000	0.318696	3.436109	6.577816	1.000000
31		0.026090	0.000000	0.159638	2.545903	98.157073	1.000000
32		0.017397	0.000000	0.090038	5.201326	175.807494	1.000000
33		0.009340	0.000000	0.042530	11.527113	142.189497	1.000000
34		0.005843	0.000000	0.047587	41.461986	257.966657	1.000000
35		0.003191	0.000000	0.036975	24.607318	133.091765	1.000000
36		0.002177	0.000000	0.013733	21.694144	1281.189142	1.000000
37		0.001614	0.000000	0.006792	22.308384	2988.934271	1.000000
38		0.001010	0.000000	0.007465	63.427612	1675.487254	1.000000
39		0.000813	0.000000	0.006715	327.324027	2266.852030	0.227891
40		0.000681	0.000000	0.004891	57.453049	30668.006689	1.000000
41		0.000365	0.000000	0.003432	149.768774	2958.768166	1.000000
42		0.000303	0.000000	0.002073	1171.300281	5620.391182	0.217276
43		0.000277	0.000000	0.001458	153.520688	141561.551169	1.000000
44		0.000194	0.000000	0.000944	188.946031	16980.317773	1.000000
45		0.000108	0.000000	0.000953	547.170927	8532.549399	1.000000
46		0.000061	0.000000	0.000774	1013.829931	8454.670328	1.000000
47		0.000039	0.000000	0.000281	872.967189	57408.838508	1.000000
48		0.000027	0.000000	0.000168	1077.591060	135267.813312	1.000000
49		0.000016	0.000000	0.000190	5111.919567	74038.125683	1.000000
50		0.000013	0.000000	0.000316	10494.180983	19278.010478	1.000000
51		0.000005	0.000000	0.000084	4223.253880	102148.538836	1.000000
52		0.000004	0.000000	0.000048	3093.629655	1657966.623889	1.000000
53		0.000003	0.000000	0.000021	7031.917466	1386118.283283	1.000000
54		0.000002	0.000000	0.000015	11279.332566	2981236.006839	1.000000
55		0.000001	0.000000	0.000013	34211.997414	715749.557273	1.000000
56		0.000001	0.000000	0.000011	70782.680408	688892.740776	1.000000
57		0.000001	0.000000	0.000005	53452.388525	5596462.688747	1.000000
58		0.000000	0.000000	0.000002	68616.543242	8627114.288331	1.000000
59		0.000000	0.000000	0.000003	233462.880114	5672553.422009	1.000000
60		0.000000	0.000000	0.000004	690491.187619	3160855.128685	0.466891
61		0.000000	0.000000	0.000002	160739.659492	28369093.668159	1.000000
62		0.000000	0.000000	0.000001	139350.424473	45996228.012301	1.000000
break at 61

epoch		MSE		misclass	norm(g)		norm(h)		rho		alpha
------------------------------------------------------------------------------------------------------
1		1.008777	0.378151	0.370589	17.349352	3.516640	0.218740
2		0.980611	0.394958	0.319239	3.304383	297.704191	1.234568
3		0.900487	0.428571	0.336118	7.939925	7.121412	0.385690
4		0.872473	0.344538	0.352570	9.526024	16.125639	1.000000
5		0.850856	0.344538	0.251820	3.826649	127.180205	1.000000
6		0.815113	0.336134	0.200662	6.435085	15.066802	1.000000
7		0.773856	0.336134	0.171626	20.684328	57.976153	1.000000
8		0.733759	0.252101	0.603531	21.178535	13.989172	0.420481
9		0.683988	0.243697	0.483712	3.230577	34.003389	1.000000
10		0.622534	0.218487	0.881651	10.308535	4.966629	1.000000
11		0.563992	0.193277	0.579206	2.250766	60.924211	1.000000
12		0.469746	0.168067	0.577221	2.613939	4.919831	1.000000
13		0.424873	0.142857	0.353010	3.312160	31.764292	1.000000
14		0.363659	0.126050	0.314807	4.405958	67.432234	1.000000
15		0.313919	0.117647	0.453362	8.578806	2.641634	0.645437
16		0.233652	0.075630	0.665605	26.843780	3.506517	1.000000
17		0.197374	0.075630	0.597843	6.774917	6.622818	0.761067
18		0.183298	0.058824	0.246725	1.985293	29.779724	1.000000
19		0.178191	0.058824	0.220359	1.459240	1709.086137	1.111111
20		0.124978	0.042017	0.356117	2.336979	25.795494	1.000000
21		0.093642	0.033613	0.525001	4.973243	4.579281	1.000000
22		0.041213	0.016807	0.281526	6.856677	21.750482	1.000000
23		0.024296	0.008403	0.408791	3.886129	22.179853	1.000000
24		0.006460	0.000000	0.055277	4.373552	28.518534	1.000000
25		0.005238	0.000000	0.044893	3.794764	3004.346023	1.000000
26		0.002234	0.000000	0.020736	40.512075	321.898899	1.000000
27		0.001530	0.000000	0.031891	53.403544	434.269944	1.000000
28		0.000668	0.000000	0.008370	26.868692	1021.493998	1.000000
29		0.000465	0.000000	0.004518	29.259470	9835.789598	1.000000
30		0.000249	0.000000	0.002539	101.197224	5918.586813	1.000000
31		0.000154	0.000000	0.001536	664.653401	7270.225147	1.000000
32		0.000093	0.000000	0.000716	261.474383	26211.365226	1.000000
33		0.000049	0.000000	0.000546	871.512598	27639.567644	1.000000
34		0.000039	0.000000	0.000309	6920.932677	45250.318323	0.173544
35		0.000035	0.000000	0.000245	911.630386	1352338.981411	1.000000
36		0.000015	0.000000	0.000140	2240.208177	50175.568188	1.000000
37		0.000012	0.000000	0.000101	18637.381342	136707.137830	0.336293
38		0.000010	0.000000	0.000077	3606.056814	2642827.007223	1.000000
39		0.000004	0.000000	0.000044	9827.313932	168989.803900	1.000000
40		0.000003	0.000000	0.000022	73039.333537	663334.567697	0.255470
41		0.000003	0.000000	0.000018	11975.454297	23848525.536703	1.000000
42		0.000001	0.000000	0.000014	39304.596106	530914.626244	1.000000
43		0.000001	0.000000	0.000009	217389.280342	910699.425078	0.303149
44		0.000001	0.000000	0.000006	50131.023791	21078498.730473	1.000000
45		0.000000	0.000000	0.000002	79254.751497	4062278.866881	1.000000
46		0.000000	0.000000	0.000002	288100.839558	6926663.145234	1.000000
47		0.000000	0.000000	0.000001	1843715.889307	9118876.118406	0.230465
break at 46

epoch		MSE		misclass	norm(g)		norm(h)		rho		alpha
------------------------------------------------------------------------------------------------------
1		1.073611	0.361345	0.821796	17.349352	2.119702	0.460927
2		0.982295	0.336134	0.442531	4.240965	18.884657	1.000000
3		0.946459	0.378151	0.665401	4.495581	6.769741	1.000000
4		0.913021	0.344538	0.315536	2.883027	47.632823	1.000000
5		0.890884	0.319328	0.234943	2.393407	39.480608	1.000000
6		0.871024	0.319328	0.279022	2.866862	141.070780	1.000000
7		0.836274	0.378151	0.416329	11.730253	14.787060	0.368959
8		0.809295	0.352941	0.291554	3.542388	78.440042	1.000000
9		0.747003	0.310924	0.429961	4.098623	45.616529	1.000000
10		0.663098	0.226891	1.060235	2.602345	1.567689	1.000000
11		0.602883	0.210084	1.014116	9.401831	4.451979	0.476933
12		0.550635	0.168067	0.677098	1.480938	50.329731	1.000000
13		0.474835	0.168067	0.999913	1.449806	5.735835	1.000000
14		0.409230	0.126050	0.660256	1.741535	32.367938	1.000000
15		0.311492	0.092437	0.494174	2.177120	9.965779	1.000000
16		0.242200	0.067227	0.610760	3.836820	8.020788	1.000000
17		0.186696	0.033613	0.297418	3.786698	13.467644	1.000000
18		0.160430	0.042017	0.253319	3.531740	74.645314	1.000000
19		0.093293	0.016807	0.226096	20.090294	11.832808	1.000000
20		0.064811	0.016807	0.362920	17.021032	8.578819	1.000000
21		0.041041	0.008403	0.105351	8.376242	32.534540	1.000000
22		0.033941	0.008403	0.091874	5.852954	1001.573059	1.000000
23		0.016806	0.000000	0.124346	11.758929	36.975298	0.298183
24		0.013349	0.000000	0.192974	25.497410	28.909854	1.000000
25		0.006577	0.000000	0.056043	9.183433	113.181205	1.000000
26		0.005356	0.000000	0.034319	7.520857	1738.631745	1.000000
27		0.003846	0.000000	0.017884	17.280115	1036.462160	1.000000
28		0.002483	0.000000	0.012942	42.932005	981.418823	1.000000
29		0.001736	0.000000	0.020716	159.376477	308.715309	1.000000
30		0.000918	0.000000	0.006009	73.942946	1037.749800	1.000000
31		0.000715	0.000000	0.003858	70.188915	11391.274586	1.000000
32		0.000412	0.000000	0.002046	239.045185	4655.415242	1.000000
33		0.000232	0.000000	0.001112	1036.277662	8452.985710	1.000000
34		0.000124	0.000000	0.000510	2158.706749	11093.730792	1.000000
35		0.000060	0.000000	0.000370	2466.934406	13130.024215	1.000000
36		0.000024	0.000000	0.000195	4947.229629	12511.096636	1.000000
37		0.000012	0.000000	0.000050	6081.446235	79997.196385	1.000000
38		0.000007	0.000000	0.000029	9370.185764	398732.513172	1.000000
39		0.000003	0.000000	0.000020	90916.943381	327175.356263	1.000000
40		0.000003	0.000000	0.000026	306981.936968	224633.920481	0.405224
41		0.000002	0.000000	0.000010	48439.237309	1287194.699214	1.000000
42		0.000002	0.000000	0.000007	43142.000737	7312354.538878	1.000000
43		0.000001	0.000000	0.000005	82019.859819	3976265.147835	1.000000
44		0.000001	0.000000	0.000003	217184.830268	1087158.344828	1.000000
45		0.000000	0.000000	0.000003	711160.638106	1302938.206782	1.000000
46		0.000000	0.000000	0.000001	747853.183180	3395797.325716	1.000000
break at 45

epoch		MSE		misclass	norm(g)		norm(h)		rho		alpha
------------------------------------------------------------------------------------------------------
1		1.098793	0.453782	0.826103	17.349352	1.734468	1.000000
2		1.015610	0.420168	0.563184	6.677870	6.005770	1.000000
3		0.959789	0.403361	0.487210	3.282463	103.906772	1.000000
4		0.888135	0.369748	0.578588	13.874674	4.320874	0.370365
5		0.861745	0.344538	0.188682	4.347136	22.543628	1.000000
6		0.853808	0.327731	0.212440	2.349670	1100.662074	1.371742
7		0.763545	0.302521	0.757629	2.526608	7.475378	1.000000
8		0.733653	0.302521	0.486859	5.228488	3.000862	1.000000
9		0.668972	0.277311	0.342843	5.815845	17.695077	1.000000
10		0.647934	0.226891	0.420050	18.464130	21.980689	0.351520
11		0.626710	0.168067	0.327261	2.600104	177.278999	1.000000
12		0.569547	0.168067	0.322079	5.873435	11.655888	1.000000
13		0.521885	0.159664	0.440242	8.992511	21.566596	1.000000
14		0.493133	0.176471	0.649967	4.818686	6.174856	1.000000
15		0.438171	0.134454	0.427690	4.449955	30.929243	1.000000
16		0.363352	0.117647	0.422403	2.007319	11.893412	1.000000
17		0.332981	0.117647	0.512828	8.513196	15.072632	0.428250
18		0.308346	0.117647	0.394536	1.963256	165.985792	1.000000
19		0.257232	0.092437	0.498515	3.963671	6.523922	1.000000
20		0.176140	0.050420	0.358394	8.515675	35.204014	1.000000
21		0.101894	0.008403	0.798645	7.094105	2.264367	1.000000
22		0.079312	0.016807	0.619804	8.174377	3.910819	1.000000
23		0.048456	0.008403	0.286244	2.864567	34.832227	1.000000
24		0.034272	0.000000	0.171241	2.942687	62.960845	1.000000
25		0.026052	0.000000	0.147942	4.174450	127.853953	1.000000
26		0.020020	0.000000	0.153546	9.639830	41.783203	1.000000
27		0.015965	0.000000	0.070408	6.450984	317.326254	1.000000
28		0.013089	0.000000	0.049354	5.326182	648.940752	1.000000
29		0.007845	0.000000	0.025000	9.961309	244.925824	1.000000
30		0.004384	0.000000	0.020401	78.031957	308.629386	1.000000
31		0.002580	0.000000	0.028781	158.346572	120.695034	1.000000
32		0.000980	0.000000	0.006412	86.432789	415.312364	1.000000
33		0.000715	0.000000	0.003140	68.856020	5744.719783	1.000000
34		0.000420	0.000000	0.001779	125.870786	4677.366411	1.000000
35		0.000160	0.000000	0.001005	672.187145	3046.441004	1.000000
36		0.000073	0.000000	0.000914	2022.305606	4084.401956	1.000000
37		0.000043	0.000000	0.000814	1736.629191	9851.981447	1.000000
38		0.000023	0.000000	0.000272	939.821564	56177.961387	1.000000
39		0.000016	0.000000	0.000131	1030.428839	255407.358462	1.000000
40		0.000009	0.000000	0.000068	3233.255161	220691.682675	1.000000
41		0.000004	0.000000	0.000023	13949.454273	252257.062293	1.000000
42		0.000002	0.000000	0.000028	27789.188398	380401.731857	1.000000
43		0.000002	0.000000	0.000055	111886.640248	90224.868372	0.794410
44		0.000001	0.000000	0.000012	29375.654879	447127.208194	1.000000
45		0.000001	0.000000	0.000007	20043.593155	18180238.038312	1.000000
46		0.000000	0.000000	0.000003	49964.647450	10698841.587368	1.000000
47		0.000000	0.000000	0.000002	68922.382254	50311724.079850	1.000000
48		0.000000	0.000000	0.000002	99944.488961	28971163.062796	1.000000
49		0.000000	0.000000	0.000002	206333.844657	9170823.907647	1.000000
50		0.000000	0.000000	0.000002	627963.005145	5343601.438219	1.000000
51		0.000000	0.000000	0.000003	939994.995232	2756150.454766	1.000000
52		0.000000	0.000000	0.000001	383356.560087	13932990.460198	1.000000
break at 51

epoch		MSE		misclass	norm(g)		norm(h)		rho		alpha
------------------------------------------------------------------------------------------------------
1		1.444001	0.378151	0.299333	17.349352	0.384169	1.000000
2		1.005715	0.394958	0.345824	15.958693	4.116575	3.186636
3		0.978437	0.378151	0.673524	21.536993	12.071350	0.488297
4		0.929597	0.386555	0.224062	4.578935	9.574928	1.000000
5		0.919453	0.394958	0.168352	4.121456	233.060937	1.000000
6		0.898204	0.361345	0.176936	9.802689	51.938506	1.000000
7		0.868489	0.336134	0.277239	9.449106	37.329619	1.000000
8		0.837111	0.310924	0.511186	6.814839	7.906520	1.000000
9		0.804178	0.319328	0.263799	5.739303	26.511688	1.000000
10		0.784066	0.302521	0.308069	2.639665	122.339200	1.000000
11		0.745846	0.268908	0.362030	5.298862	14.898752	0.547866
12		0.714542	0.260504	0.308130	5.208951	63.761052	1.000000
13		0.618426	0.210084	0.351411	8.685930	24.747975	1.000000
14		0.609126	0.210084	0.828111	7.041846	1.413339	1.000000
15		0.487028	0.168067	0.897307	18.492232	1.770326	1.000000
16		0.399415	0.134454	0.606858	5.130181	6.872920	1.000000
17		0.349758	0.117647	0.412338	2.550727	34.853026	1.000000
18		0.265897	0.100840	0.348616	4.946303	23.500857	1.000000
19		0.169218	0.050420	0.953634	4.352127	2.909685	1.000000
20		0.095842	0.025210	0.489188	7.554086	3.006678	1.000000
21		0.066120	0.008403	0.274838	3.677294	51.811884	1.000000
22		0.040654	0.000000	0.162664	4.350763	39.607442	1.000000
23		0.022726	0.000000	0.100873	8.802082	50.937494	1.000000
24		0.014184	0.000000	0.115092	19.942212	52.100029	1.000000
25		0.008333	0.000000	0.052460	14.854032	93.818933	1.000000
26		0.006153	0.000000	0.031593	11.968409	922.550450	1.000000
27		0.003603	0.000000	0.019269	32.226365	501.035542	1.000000
28		0.001753	0.000000	0.007674	149.276891	469.777947	1.000000
29		0.000984	0.000000	0.005549	141.884127	1260.433068	1.000000
30		0.000441	0.000000	0.002920	259.775856	1018.142678	1.000000
31		0.000221	0.000000	0.000803	364.094318	3959.665035	1.000000
32		0.000131	0.000000	0.000497	604.160803	17918.273628	1.000000
33		0.000124	0.000000	0.001859	6652.730574	4404.272446	1.000000
34		0.000054	0.000000	0.000528	1098.546613	12082.245040	1.000000
35		0.000041	0.000000	0.000283	789.730720	140739.659245	1.000000
36		0.000028	0.000000	0.000110	1905.639876	114084.333628	1.000000
37		0.000017	0.000000	0.000062	3701.455404	169113.550940	1.000000
38		0.000009	0.000000	0.000113	23614.163339	55837.060311	1.000000
39		0.000002	0.000000	0.000007	22341.227182	54802.646035	1.000000
40		0.000001	0.000000	0.000005	24186.743344	7876554.487813	1.000000
41		0.000001	0.000000	0.000006	402229.523889	1217342.291589	1.000000
42		0.000000	0.000000	0.000002	849065.455320	1031894.177460	0.374246
43		0.000000	0.000000	0.000001	288434.946755	34238748.149575	1.000000
44		0.000000	0.000000	0.000001	433751.248157	17695882.601150	1.000000
break at 43
../grid_search_results/lbfgs/monk2/c1_0,001-c2_0,9-theta_0,9-reg_0,0-m_1-arc_[17,10,10,1,] got MEE (TR/VL) 9.24587463559e-08 9.82733589225e-08
2 out of 12 experiments

epoch		MSE		misclass	norm(g)		norm(h)		rho		alpha
------------------------------------------------------------------------------------------------------
1		1.148592	0.436975	0.620809	19.519221	2.475207	2.090752
2		1.128320	0.420168	0.500357	15.340469	17.998900	0.086534
3		0.966558	0.403361	0.446772	5.043251	51.510359	1.371742
4		0.883388	0.327731	0.624610	14.462459	6.789978	0.072383
5		0.850278	0.344538	0.272846	4.883329	10.191535	1.000000
6		0.838946	0.319328	0.216137	3.290651	308.148935	1.000000
7		0.817175	0.310924	0.592796	3.221162	9.707074	1.000000
8		0.798256	0.294118	0.213720	4.665658	43.090972	1.000000
9		0.785529	0.310924	0.233573	2.118941	170.129166	1.000000
10		0.760056	0.319328	0.461654	2.113767	54.138544	1.000000
11		0.727476	0.302521	0.463363	4.176039	43.883182	1.000000
12		0.656709	0.201681	0.481272	17.988240	10.675315	1.000000
13		0.604108	0.193277	0.687616	3.376833	25.990064	1.000000
14		0.529674	0.184874	0.467780	7.350342	4.762453	1.000000
15		0.499763	0.201681	0.311889	3.907717	46.300666	1.000000
16		0.463439	0.142857	0.500538	2.256724	31.928688	1.000000
17		0.423029	0.151261	0.483304	4.001387	41.792335	1.000000
18		0.322372	0.109244	0.489750	17.122642	15.509775	1.000000
19		0.223251	0.084034	0.534085	18.903313	2.832692	1.000000
20		0.150934	0.042017	0.302121	32.536609	3.398433	1.000000
21		0.117628	0.042017	0.173527	12.508065	39.746666	1.000000
22		0.089023	0.016807	0.122973	13.644653	35.073560	1.000000
23		0.060583	0.016807	0.099384	30.917249	63.123345	1.000000
24		0.041976	0.008403	0.052003	35.187395	22.110324	0.505266
25		0.037380	0.008403	0.020227	63.528198	194.119276	1.000000
26		0.035708	0.008403	0.010808	63.028668	936.284706	1.000000
27		0.034467	0.008403	0.009078	105.212834	693.679885	1.000000
28		0.033757	0.008403	0.004700	192.941620	1686.601905	1.000000
29		0.004876	0.000000	0.089668	207.771493	194.228353	6.514522
30		0.004801	0.000000	0.104077	12.040524	5875.697798	0.021010
31		0.001016	0.000000	0.021634	9.961071	156.962939	1.000000
32		0.000723	0.000000	0.015159	17.920167	8968.202029	1.000000
33		0.000353	0.000000	0.007019	50.756852	3354.767738	1.000000
34		0.000203	0.000000	0.003765	86.251330	10471.710642	1.000000
35		0.000115	0.000000	0.001886	172.742414	16134.387855	1.000000
36		0.000068	0.000000	0.000975	332.299244	32404.591999	1.000000
37		0.000040	0.000000	0.000501	687.951446	52804.051758	1.000000
38		0.000023	0.000000	0.000253	1534.475899	86236.963439	1.000000
39		0.000014	0.000000	0.000138	3215.976871	154261.138937	1.000000
40		0.000007	0.000000	0.000087	7520.095555	153273.266943	1.000000
41		0.000003	0.000000	0.000030	8894.925439	177815.301478	1.000000
42		0.000002	0.000000	0.000018	14939.080296	1363360.109638	1.000000
43		0.000001	0.000000	0.000010	89478.806763	709732.450073	1.000000
44		0.000000	0.000000	0.000003	76988.494293	820945.443231	1.000000
45		0.000000	0.000000	0.000002	265530.012151	16277780.208943	1.000000
46		0.000000	0.000000	0.000001	511431.953227	10107072.989580	1.000000
break at 45

epoch		MSE		misclass	norm(g)		norm(h)		rho		alpha
------------------------------------------------------------------------------------------------------
1		1.174297	0.428571	0.791952	19.519221	5.721390	1.000000
2		1.013258	0.411765	0.829638	4.444506	6.069428	1.000000
3		0.951715	0.336134	0.368240	15.240384	2.656932	1.000000
4		0.904047	0.319328	0.421366	7.787632	29.735141	1.000000
5		0.896353	0.361345	0.920670	6.393101	3.746768	0.693866
6		0.840956	0.336134	0.281536	3.530897	9.880194	1.000000
7		0.821192	0.319328	0.285205	2.477851	172.163623	1.000000
8		0.758680	0.277311	0.335799	11.205375	6.842493	1.000000
9		0.721946	0.252101	0.536009	23.687491	12.043350	1.000000
10		0.680962	0.201681	0.304754	3.507291	28.888070	1.000000
11		0.644142	0.201681	0.298746	4.079843	28.005449	1.000000
12		0.576810	0.193277	0.257886	16.196626	17.554670	1.000000
13		0.497851	0.176471	0.281280	15.966150	10.678155	1.000000
14		0.432367	0.134454	0.506904	21.334871	9.785205	1.000000
15		0.389802	0.142857	0.299832	5.913013	21.585875	1.000000
16		0.333624	0.100840	0.303515	3.564809	38.810906	1.000000
17		0.277534	0.075630	0.530689	14.447116	4.269995	1.000000
18		0.206672	0.058824	0.295416	15.620738	15.832357	1.000000
19		0.149982	0.042017	0.275654	4.391178	10.712744	1.000000
20		0.114177	0.033613	0.161985	19.579629	46.989509	1.000000
21		0.079612	0.008403	0.194438	9.840579	15.015947	1.000000
22		0.055052	0.008403	0.243985	27.923327	24.911624	1.000000
23		0.037041	0.008403	0.180557	7.736205	169.514258	1.000000
24		0.015451	0.000000	0.113349	8.651363	26.764129	0.331040
25		0.009382	0.000000	0.042912	18.339612	133.386943	1.000000
26		0.006992	0.000000	0.029180	19.882069	874.905805	1.000000
27		0.003619	0.000000	0.015877	43.897629	341.123508	1.000000
28		0.002039	0.000000	0.023797	170.327271	280.002204	1.000000
29		0.000932	0.000000	0.005680	79.966190	723.532121	1.000000
30		0.000607	0.000000	0.003579	63.420399	6418.842101	1.000000
31		0.000284	0.000000	0.001643	616.254436	3941.026392	1.000000
32		0.000143	0.000000	0.000843	1211.247271	9435.799128	1.000000
33		0.000066	0.000000	0.000498	1831.692794	12214.054289	1.000000
34		0.000031	0.000000	0.000249	2854.637610	26046.677205	1.000000
35		0.000015	0.000000	0.000114	3189.397074	58388.864380	1.000000
36		0.000008	0.000000	0.000048	5772.254725	205855.986794	1.000000
37		0.000004	0.000000	0.000030	16982.784717	316887.132522	1.000000
38		0.000003	0.000000	0.000048	124943.063760	153494.403405	1.000000
39		0.000001	0.000000	0.000009	31494.774187	347484.494602	1.000000
40		0.000001	0.000000	0.000006	32061.841385	6326052.732628	1.000000
41		0.000000	0.000000	0.000003	197107.820011	3139528.891171	1.000000
42		0.000000	0.000000	0.000002	667447.907086	4004846.061810	1.000000
43		0.000000	0.000000	0.000001	291461.906283	14744138.481377	1.000000
break at 42

epoch		MSE		misclass	norm(g)		norm(h)		rho		alpha
------------------------------------------------------------------------------------------------------
1		1.508567	0.378151	0.024154	19.519221	0.265740	1.000000
2		1.243228	0.428571	0.504382	19.361453	44.998522	67.654957
3		1.243086	0.436975	0.501750	1.704606	976.884998	0.004774
4		1.103367	0.411765	0.486183	9.658900	58.092253	7.402737
5		1.049937	0.394958	0.967234	14.937273	1.213062	0.179271
6		0.905209	0.344538	0.380292	9.531852	2.854103	1.000000
7		0.880494	0.319328	0.239784	4.876039	49.500029	1.000000
8		0.845598	0.319328	0.307363	7.394062	22.505877	1.000000
9		0.814008	0.268908	0.298513	6.708780	57.914110	1.000000
10		0.777429	0.302521	0.379860	17.411736	6.266599	1.000000
11		0.729524	0.285714	0.251282	13.846504	33.862945	1.000000
12		0.617767	0.226891	0.452041	11.058636	11.348116	1.000000
13		0.508189	0.184874	0.433793	6.350065	4.682713	1.000000
14		0.413520	0.142857	0.470533	14.424627	9.409706	1.000000
15		0.326065	0.117647	0.342913	8.335539	12.124544	1.000000
16		0.261084	0.100840	0.422108	5.995077	13.031365	1.000000
17		0.155482	0.067227	0.284112	25.164673	12.209891	1.000000
18		0.113306	0.033613	0.750919	12.237713	4.172548	1.000000
19		0.059156	0.016807	0.268199	6.496554	16.310944	1.000000
20		0.034182	0.008403	0.150191	3.982269	30.801948	1.000000
21		0.019905	0.000000	0.098723	8.947034	127.589054	1.000000
22		0.006851	0.000000	0.039709	35.824932	68.534599	1.000000
23		0.003388	0.000000	0.025168	57.522467	301.824215	1.000000
24		0.001383	0.000000	0.012931	57.459246	377.735674	1.000000
25		0.000746	0.000000	0.005778	68.738223	2330.398961	1.000000
26		0.000388	0.000000	0.002688	150.966868	3893.083213	1.000000
27		0.000202	0.000000	0.001355	488.510116	8036.270997	1.000000
28		0.000100	0.000000	0.000638	1310.742175	13742.309132	1.000000
29		0.000049	0.000000	0.000337	2715.784232	28312.053925	1.000000
30		0.000024	0.000000	0.000132	7406.956846	52962.068339	1.000000
31		0.000013	0.000000	0.000196	7094.605922	49486.885325	1.000000
32		0.000003	0.000000	0.000021	14341.982601	59912.648137	1.000000
33		0.000002	0.000000	0.000014	10252.260918	3113654.852821	1.000000
34		0.000001	0.000000	0.000006	109511.478088	959414.524397	1.000000
35		0.000001	0.000000	0.000003	281963.363752	3293365.019287	1.000000
36		0.000000	0.000000	0.000002	621725.775365	4466336.458967	1.000000
37		0.000000	0.000000	0.000003	1139849.215558	3188582.868458	0.567861
38		0.000000	0.000000	0.000001	265002.487236	9593763.243714	1.000000
break at 37

epoch		MSE		misclass	norm(g)		norm(h)		rho		alpha
------------------------------------------------------------------------------------------------------
1		1.384991	0.386555	0.393308	19.519221	0.794975	1.000000
2		1.267127	0.361345	0.407836	14.268123	80.474670	1.111111
3		1.252127	0.403361	0.513289	5.467286	3.890961	0.082316
4		1.198376	0.386555	0.379750	9.266802	19.179550	1.000000
5		1.134637	0.378151	0.441463	8.336327	58.945416	1.000000
6		0.950011	0.361345	0.594487	4.896492	1.975686	0.537782
7		0.866067	0.327731	0.454757	11.953937	11.214704	1.000000
8		0.794532	0.302521	0.392270	3.749319	5.278587	1.000000
9		0.746612	0.277311	0.275724	14.312956	21.975585	1.000000
10		0.689550	0.210084	0.382724	10.115348	14.068281	1.000000
11		0.645311	0.176471	0.689605	7.389121	17.258134	1.000000
12		0.589674	0.201681	0.368031	6.093049	8.882466	1.000000
13		0.557945	0.176471	0.361022	4.052457	44.950873	1.000000
14		0.476752	0.176471	0.374709	7.971744	20.033180	1.000000
15		0.375837	0.126050	0.325993	8.040743	8.538587	1.000000
16		0.275845	0.100840	0.333773	21.629789	15.772764	1.000000
17		0.136089	0.050420	0.407117	37.426311	3.122422	1.000000
18		0.094174	0.025210	0.171701	16.541044	17.734212	1.000000
19		0.077382	0.016807	0.190805	6.027487	172.979082	1.000000
20		0.039564	0.008403	0.160184	17.610632	13.708157	1.000000
21		0.021756	0.000000	0.054871	23.881507	49.466226	1.000000
22		0.013761	0.000000	0.037057	22.216299	257.802039	1.000000
23		0.004647	0.000000	0.017965	112.538361	95.079091	1.000000
24		0.001604	0.000000	0.008646	235.193507	203.329300	1.000000
25		0.000802	0.000000	0.003652	255.292221	1654.723405	1.000000
26		0.000353	0.000000	0.001849	293.253095	2676.528575	1.000000
27		0.000160	0.000000	0.000927	1175.540512	5562.416696	1.000000
28		0.000078	0.000000	0.000379	1189.000422	16734.632996	1.000000
29		0.000038	0.000000	0.000214	3364.815802	33396.666831	1.000000
30		0.000021	0.000000	0.000179	16261.594929	38867.557248	1.000000
31		0.000010	0.000000	0.000056	5906.665640	110920.735375	1.000000
32		0.000006	0.000000	0.000029	10329.823309	365904.436968	1.000000
33		0.000003	0.000000	0.000015	55133.602859	408652.366314	1.000000
34		0.000001	0.000000	0.000017	191946.442368	460976.041769	1.000000
35		0.000001	0.000000	0.000003	81895.233007	966211.700555	1.000000
36		0.000000	0.000000	0.000002	81008.533938	8035795.243325	1.000000
37		0.000000	0.000000	0.000001	1277489.322636	6879027.661590	1.000000
break at 36

epoch		MSE		misclass	norm(g)		norm(h)		rho		alpha
------------------------------------------------------------------------------------------------------
1		1.506232	0.378151	0.036456	19.519221	0.250742	1.000000
2		1.239808	0.403361	0.381838	19.266160	166.374788	32.359156
3		1.215984	0.394958	0.387025	0.809927	39.531195	0.014372
4		1.201370	0.386555	0.360846	5.659276	204.101501	1.000000
5		1.154481	0.386555	0.393596	7.836205	1.996046	0.373904
6		1.031817	0.302521	0.313937	33.982967	10.176739	1.000000
7		1.010409	0.394958	0.633219	21.639728	3.066151	1.000000
8		0.918633	0.336134	0.431469	13.373906	6.090276	1.000000
9		0.860703	0.319328	0.309075	5.691331	34.740225	1.000000
10		0.809918	0.285714	0.749508	12.000648	3.634720	0.797155
11		0.747686	0.285714	0.323059	6.633748	11.448092	1.000000
12		0.714091	0.294118	0.303761	3.074390	17.695371	1.000000
13		0.643375	0.201681	0.538203	12.731022	8.280532	1.000000
14		0.569400	0.151261	0.430164	9.734759	8.504710	1.000000
15		0.520334	0.168067	0.368804	4.883113	34.741915	1.000000
16		0.373342	0.109244	0.381270	14.891230	7.252449	1.000000
17		0.212287	0.058824	0.581547	20.769448	6.096524	1.000000
18		0.124482	0.033613	0.652569	10.616214	3.329098	1.000000
19		0.067807	0.025210	0.235149	4.942972	15.336264	1.000000
20		0.039740	0.000000	0.155461	5.050168	43.558330	1.000000
21		0.024680	0.000000	0.202259	8.732614	51.476553	1.000000
22		0.010702	0.000000	0.084613	16.984193	90.847749	1.000000
23		0.005030	0.000000	0.038857	14.890474	236.464312	1.000000
24		0.002438	0.000000	0.017427	37.205113	529.815111	1.000000
25		0.001191	0.000000	0.008217	74.775166	1134.301841	1.000000
26		0.000562	0.000000	0.003840	186.298686	2191.415985	1.000000
27		0.000270	0.000000	0.001911	451.684800	4612.253772	1.000000
28		0.000128	0.000000	0.000967	1006.757327	7283.044786	1.000000
29		0.000056	0.000000	0.000397	1434.482254	13101.952350	1.000000
30		0.000029	0.000000	0.000192	2761.121367	52715.377447	1.000000
31		0.000013	0.000000	0.000115	7074.222290	64040.255868	1.000000
32		0.000006	0.000000	0.000068	15469.276057	102767.728070	1.000000
33		0.000003	0.000000	0.000026	14846.569210	274625.848361	1.000000
34		0.000002	0.000000	0.000013	15711.962073	1198356.305356	1.000000
35		0.000001	0.000000	0.000007	101571.947421	1554489.559448	1.000000
36		0.000000	0.000000	0.000003	272656.031546	3530079.736359	1.000000
37		0.000000	0.000000	0.000002	456452.413563	6501000.546973	1.000000
38		0.000000	0.000000	0.000001	1172938.285701	12617756.856219	1.000000
break at 37
../grid_search_results/lbfgs/monk2/c1_0,001-c2_0,9-theta_0,9-reg_0,0-m_10-arc_[17,20,1,] got MEE (TR/VL) 1.06434057632e-07 1.13980831719e-07
3 out of 12 experiments

epoch		MSE		misclass	norm(g)		norm(h)		rho		alpha
------------------------------------------------------------------------------------------------------
1		0.998177	0.344538	0.570102	17.349352	3.412390	0.172166
2		0.969631	0.344538	0.415716	2.228893	116.962148	1.000000
3		0.919219	0.394958	0.620735	3.146597	7.087110	1.000000
4		0.894514	0.344538	0.303529	3.311862	66.320422	1.000000
5		0.868653	0.302521	0.236311	1.921863	37.403272	1.000000
6		0.852375	0.294118	0.254432	3.620994	125.240126	1.000000
7		0.815251	0.285714	0.147186	17.924304	25.899591	1.000000
8		0.790984	0.285714	0.176735	9.672128	107.504157	1.000000
9		0.713852	0.277311	0.482478	26.474133	9.115191	1.000000
10		0.675122	0.252101	0.412252	10.139789	11.032023	1.000000
11		0.651664	0.243697	0.310027	2.697068	116.376091	1.000000
12		0.595048	0.226891	0.392734	5.466015	13.746609	1.000000
13		0.502227	0.159664	0.511711	8.064572	27.214997	1.000000
14		0.457756	0.142857	0.594281	6.107928	8.418268	0.165475
15		0.354672	0.100840	0.604431	15.006918	8.407904	1.000000
16		0.255335	0.075630	0.351101	5.107741	4.568649	1.000000
17		0.202297	0.042017	0.329308	10.465341	12.251323	1.000000
18		0.156350	0.033613	0.396294	8.763512	92.517428	1.000000
19		0.134088	0.033613	0.521841	3.470826	5.755105	0.188500
20		0.089874	0.016807	0.179350	6.540723	16.664170	1.000000
21		0.075417	0.016807	0.210020	5.792257	493.358192	1.000000
22		0.055875	0.008403	0.276716	2.082582	34.428172	0.084685
23		0.043523	0.008403	0.126371	3.996671	98.975763	1.000000
24		0.038694	0.008403	0.051824	7.215215	254.778854	1.000000
25		0.036597	0.008403	0.025426	10.908731	699.091708	1.000000
26		0.035251	0.008403	0.012577	27.232745	1081.468202	1.000000
27		0.034453	0.008403	0.005896	79.106210	1776.338370	1.000000
28		0.034026	0.008403	0.003318	202.039109	3334.300714	1.000000
29		0.033775	0.008403	0.002190	469.165158	3763.882279	1.000000
30		0.033578	0.008403	0.001266	499.292283	5790.051506	1.000000
31		0.015494	0.008403	0.105696	883.969239	168.900132	7.544083
32		0.015469	0.008403	0.114554	9.237941	19428.617656	0.008162
33		0.014386	0.008403	0.072865	7.138936	460.782345	0.068973
34		0.013105	0.000000	0.043933	4.140731	554.978980	1.000000
35		0.005676	0.000000	0.048302	13.312686	901.042927	3.540706
36		0.003056	0.000000	0.078495	15.031795	37.609663	0.128816
37		0.000211	0.000000	0.003029	42.637437	73.283474	1.000000
38		0.000176	0.000000	0.002537	38.199981	141542.913833	1.000000
39		0.000074	0.000000	0.000944	421.942577	10448.879821	1.000000
40		0.000042	0.000000	0.000505	638.313493	51911.546522	1.000000
41		0.000022	0.000000	0.000241	1636.023607	66852.394875	1.000000
42		0.000012	0.000000	0.000132	3595.503071	146899.626945	1.000000
43		0.000006	0.000000	0.000058	6289.619054	192868.417833	1.000000
44		0.000003	0.000000	0.000033	13888.531399	318674.144730	1.000000
45		0.000002	0.000000	0.000014	33108.541458	638895.802925	1.000000
46		0.000001	0.000000	0.000007	41043.409888	2245748.007044	1.000000
47		0.000000	0.000000	0.000004	150960.996348	3414379.468461	1.000000
48		0.000000	0.000000	0.000002	438940.279586	6959812.297905	1.000000
49		0.000000	0.000000	0.000001	604688.996877	10671638.724567	1.000000
50		0.000000	0.000000	0.000000	831557.243826	8627406.140271	1.000000
break at 49

epoch		MSE		misclass	norm(g)		norm(h)		rho		alpha
------------------------------------------------------------------------------------------------------
1		1.414354	0.378151	0.418501	17.349352	0.387923	1.000000
2		1.123471	0.369748	0.497796	14.271222	11.528128	1.881676
3		1.092896	0.386555	0.636823	7.391450	15.105952	0.073844
4		1.012608	0.369748	0.626745	4.702071	64.631296	1.000000
5		0.919651	0.336134	0.567778	8.664591	6.371817	0.228501
6		0.881083	0.369748	0.364518	8.437275	7.305145	1.000000
7		0.865219	0.344538	0.230040	3.520147	137.804684	1.000000
8		0.836480	0.310924	0.328949	3.846220	25.299356	1.000000
9		0.812611	0.268908	0.370238	3.839990	169.811918	1.000000
10		0.682828	0.235294	0.689479	11.770246	4.529426	1.000000
11		0.576106	0.159664	0.556024	5.168626	12.959738	1.000000
12		0.516884	0.168067	0.579687	3.104813	8.944164	0.472320
13		0.413965	0.134454	0.789524	7.333696	12.438651	1.000000
14		0.276300	0.092437	0.833390	2.283297	6.139873	1.000000
15		0.141498	0.033613	0.314760	11.545867	5.453611	1.000000
16		0.100826	0.033613	0.296858	3.816168	68.454121	1.000000
17		0.012050	0.000000	0.260749	11.285288	3.670589	1.000000
18		0.001978	0.000000	0.022699	30.391973	24.987105	1.000000
19		0.001754	0.000000	0.020055	11.527375	36114.119226	1.000000
20		0.000696	0.000000	0.007703	67.177520	1010.254989	1.000000
21		0.000383	0.000000	0.004069	111.297763	5238.752886	1.000000
22		0.000190	0.000000	0.001849	248.963334	7056.114053	1.000000
23		0.000101	0.000000	0.000865	493.672879	16500.272569	1.000000
24		0.000053	0.000000	0.000392	1057.505223	30459.962692	1.000000
25		0.000028	0.000000	0.000185	2387.299403	58336.945544	1.000000
26		0.000014	0.000000	0.000096	6196.604820	98819.442091	1.000000
27		0.000007	0.000000	0.000040	21018.760911	174853.246863	1.000000
28		0.000003	0.000000	0.000022	22993.200601	286380.022316	1.000000
29		0.000001	0.000000	0.000009	93124.386757	594155.608460	1.000000
30		0.000001	0.000000	0.000004	98500.645170	2541708.906336	1.000000
31		0.000000	0.000000	0.000002	376400.239964	3221417.203765	1.000000
32		0.000000	0.000000	0.000001	791878.077193	4591646.804478	1.000000
33		0.000000	0.000000	0.000000	1016007.650437	13803355.381616	1.000000
break at 32

epoch		MSE		misclass	norm(g)		norm(h)		rho		alpha
------------------------------------------------------------------------------------------------------
1		0.923518	0.310924	0.695381	17.349352	1.705859	1.000000
2		0.897306	0.386555	0.485114	8.761337	8.425813	0.451472
3		0.863167	0.319328	0.279172	2.202439	40.159940	1.000000
4		0.839333	0.319328	0.271097	5.250594	22.922868	1.000000
5		0.791081	0.294118	0.239233	11.278865	96.493759	1.000000
6		0.770262	0.302521	0.731940	4.675011	2.043779	1.000000
7		0.685655	0.235294	0.631460	15.660943	3.753744	1.000000
8		0.646454	0.243697	0.365337	3.494609	46.811034	1.000000
9		0.596506	0.218487	0.501784	2.254387	17.788922	1.000000
10		0.542650	0.210084	0.597923	2.994309	61.966556	1.000000
11		0.350345	0.126050	0.366026	10.878888	4.862017	1.000000
12		0.255812	0.042017	0.464307	11.560927	4.042507	1.000000
13		0.179682	0.025210	0.251974	14.478353	12.258766	1.000000
14		0.120446	0.016807	0.185803	6.973687	30.647625	1.000000
15		0.076924	0.000000	0.629278	27.447541	12.147749	0.581702
16		0.059905	0.008403	0.302091	3.493353	8.698595	1.000000
17		0.042923	0.008403	0.081061	11.722125	20.827343	1.000000
18		0.040700	0.008403	0.051078	8.208189	859.522678	1.000000
19		0.037990	0.008403	0.028332	13.385367	480.978296	1.000000
20		0.036378	0.008403	0.018653	31.381222	975.630563	1.000000
21		0.035150	0.008403	0.010761	99.916462	1190.302329	1.000000
22		0.034404	0.008403	0.006260	194.554810	2071.711810	1.000000
23		0.000180	0.000000	0.009768	352.586790	1279.725367	3.540706
24		0.000018	0.000000	0.000501	220.967527	372.778370	0.240117
25		0.000014	0.000000	0.000229	489.403253	197818.939301	1.000000
26		0.000012	0.000000	0.000155	606.460134	1116474.612989	1.000000
27		0.000008	0.000000	0.000068	2639.490629	396897.477066	1.000000
28		0.000006	0.000000	0.000038	4982.759651	939099.289412	1.000000
29		0.000004	0.000000	0.000023	13664.459033	862250.301328	1.000000
30		0.000002	0.000000	0.000013	51140.542995	892836.766526	1.000000
31		0.000001	0.000000	0.000007	161138.363440	1289302.506793	1.000000
32		0.000001	0.000000	0.000003	376950.354812	2282696.307483	1.000000
33		0.000000	0.000000	0.000002	428124.746881	3840962.580127	1.000000
34		0.000000	0.000000	0.000001	1486502.372683	5488558.493793	1.000000
break at 33

epoch		MSE		misclass	norm(g)		norm(h)		rho		alpha
------------------------------------------------------------------------------------------------------
1		1.504173	0.378151	0.042083	17.349352	0.224431	1.000000
2		0.946213	0.352941	0.429809	17.180994	8.120195	32.172386
3		0.937029	0.344538	0.624031	11.203778	9.619544	1.000000
4		0.934343	0.403361	0.911634	3.918938	1.997118	0.117759
5		0.861261	0.344538	0.259235	4.093725	4.934141	1.000000
6		0.851278	0.327731	0.188680	3.154652	334.404466	1.000000
7		0.818174	0.285714	0.351756	3.271732	36.775145	1.000000
8		0.784181	0.277311	0.456855	3.290799	37.730691	1.000000
9		0.767441	0.294118	0.378149	13.704555	8.502117	0.764844
10		0.743870	0.268908	0.228782	4.051600	25.907877	1.000000
11		0.729681	0.243697	0.209498	3.314403	216.693218	1.000000
12		0.654520	0.235294	0.301544	14.597115	17.688924	1.000000
13		0.558192	0.210084	0.513282	15.001659	5.568899	1.000000
14		0.533006	0.184874	1.094762	11.326527	5.099446	1.000000
15		0.461948	0.142857	0.549007	1.903114	6.732454	1.000000
16		0.431095	0.126050	0.389288	2.291755	33.726803	1.000000
17		0.362399	0.109244	0.376384	4.166355	15.389090	1.000000
18		0.305696	0.100840	0.508248	5.261279	14.331000	1.000000
19		0.252068	0.075630	0.594037	6.149656	7.254543	1.000000
20		0.192909	0.058824	0.476641	6.976685	16.153226	1.000000
21		0.162674	0.058824	0.680948	1.836089	5.050632	1.000000
22		0.131448	0.033613	0.501306	5.469391	12.009021	1.000000
23		0.121644	0.025210	0.213395	1.687749	62.743139	1.000000
24		0.116384	0.025210	0.223904	1.147526	494.159699	1.000000
25		0.100055	0.016807	0.289470	2.152081	65.922844	1.000000
26		0.083611	0.016807	0.193514	6.683839	105.251574	1.000000
27		0.054419	0.008403	0.269207	5.140162	24.344982	1.000000
28		0.044459	0.008403	0.214155	7.280014	22.542103	1.000000
29		0.038598	0.008403	0.048684	10.221047	82.740635	1.000000
30		0.037764	0.008403	0.039510	4.486300	4205.386917	1.000000
31		0.035543	0.008403	0.020733	27.725374	482.763437	1.000000
32		0.034676	0.008403	0.011526	63.039698	699.931351	1.000000
33		0.034202	0.008403	0.005181	50.424504	2785.567034	1.000000
34		0.033936	0.008403	0.002649	128.109160	5546.924532	1.000000
35		0.033765	0.008403	0.001446	398.977789	7593.428766	1.000000
36		0.033754	0.008403	0.005464	832.573711	3210.928379	1.000000
37		0.033649	0.008403	0.000892	146.798753	5543.342184	1.000000
38		0.033638	0.008403	0.000574	144.747734	218256.768825	1.000000
39		0.033624	0.008403	0.000231	782.719849	87775.197113	1.000000
40		0.033619	0.008403	0.000114	1662.454071	301473.401745	1.000000
41		0.033616	0.008403	0.000053	4212.252530	499759.251975	1.000000
42		0.033615	0.008403	0.000026	9335.358626	1102802.907141	1.000000
43		0.033614	0.008403	0.000012	20599.402491	2162248.281157	1.000000
44		0.033614	0.008403	0.000006	41745.999630	4410436.306850	1.000000
45		0.033614	0.008403	0.000003	96291.747743	8681047.538119	1.000000
46		0.033613	0.008403	0.000002	181776.116247	16408161.208679	1.000000
47		0.033603	0.008403	0.000618	394269.912529	331851.958832	4.852658
48		0.033603	0.008403	0.000658	137.057005	56390227.315153	0.001342
49		0.033588	0.008403	0.001936	178.496524	323536.009180	2.581175
50		0.033588	0.008403	0.003903	24.994955	87838.797987	0.003044
51		0.033577	0.008403	0.002920	38.264890	256248.362866	1.000000
52		0.031293	0.008403	0.144092	64.334003	816.012781	2.034400
53		0.031293	0.008403	0.149703	1.030296	772297.851773	0.000102
54		0.029707	0.008403	0.238119	0.636620	4606.378403	1.000000
55		0.029332	0.008403	0.305644	0.444623	526.596823	0.000806
56		0.027809	0.008403	0.446408	2.492397	182.455927	1.000000
57		0.020239	0.008403	0.402455	2.611937	487.181373	1.000000
58		0.019737	0.008403	0.766303	3.459595	8.579575	0.412470
59		0.000239	0.000000	0.005045	6.942317	10.711548	1.000000
60		0.000220	0.000000	0.004650	2.754972	489947.105603	1.693509
61		0.000069	0.000000	0.001927	128.812357	4938.986437	1.000000
62		0.000030	0.000000	0.000759	304.662567	25321.411772	1.000000
63		0.000016	0.000000	0.000447	379.543355	98038.937566	1.000000
64		0.000010	0.000000	0.001048	932.788691	31772.934804	0.617792
65		0.000005	0.000000	0.000229	434.889248	103278.598804	1.000000
66		0.000004	0.000000	0.000243	216.281232	2032845.108607	1.000000
67		0.000002	0.000000	0.000095	2695.772183	209176.466780	1.000000
68		0.000001	0.000000	0.000082	2382.609410	7895093.172090	1.000000
69		0.000001	0.000000	0.000050	9599.596210	1646794.360140	1.000000
70		0.000000	0.000000	0.000030	9254.540629	3304040.952449	1.000000
71		0.000000	0.000000	0.000016	10136.077075	6361011.550233	1.000000
72		0.000000	0.000000	0.000009	14438.654776	16196107.274917	1.000000
73		0.000000	0.000000	0.000005	21507.526576	27214020.029930	1.000000
74		0.000000	0.000000	0.000002	35480.446311	58114620.302697	1.000000
75		0.000000	0.000000	0.000001	61747.282378	112704142.456249	1.000000
76		0.000000	0.000000	0.000001	112006.149415	235126790.575688	1.000000
break at 75

epoch		MSE		misclass	norm(g)		norm(h)		rho		alpha
------------------------------------------------------------------------------------------------------
1		1.482282	0.378151	0.138963	17.349352	0.336555	1.000000
2		1.166334	0.436975	0.546929	16.500306	13.157498	9.139181
3		1.162164	0.436975	0.554402	4.427547	117.987502	0.019114
4		1.062688	0.453782	0.496804	6.454535	86.459109	2.090752
5		0.952534	0.403361	0.327064	14.622662	3.090642	0.190816
6		0.917289	0.361345	0.179872	12.019475	23.257419	1.000000
7		0.888282	0.361345	0.156105	8.027221	80.982117	1.000000
8		0.820204	0.344538	0.213752	16.607055	13.682871	1.000000
9		0.738880	0.277311	0.348230	26.172663	13.614281	1.000000
10		0.676495	0.260504	0.371494	10.369466	9.261281	0.585598
11		0.621548	0.235294	0.461931	15.227928	10.824814	1.000000
12		0.531463	0.184874	0.519746	6.694985	15.279710	1.000000
13		0.460534	0.168067	0.626077	4.242499	2.623215	1.000000
14		0.408828	0.126050	0.560429	7.716646	8.329981	1.000000
15		0.361692	0.126050	0.332502	2.721350	13.349029	1.000000
16		0.309614	0.109244	0.204218	9.771583	47.241200	1.000000
17		0.207595	0.075630	0.334682	4.336347	7.964267	1.000000
18		0.138821	0.042017	0.502504	22.551271	5.511525	1.000000
19		0.092351	0.016807	0.320970	9.128671	7.363689	1.000000
20		0.077929	0.025210	0.184324	5.451914	27.701338	1.000000
21		0.063681	0.008403	0.149091	5.104059	129.546190	1.000000
22		0.038530	0.008403	0.164135	5.708035	69.837929	1.000000
23		0.020312	0.000000	0.572752	29.864627	6.159618	1.000000
24		0.006720	0.000000	0.122746	7.606367	11.291463	1.000000
25		0.003617	0.000000	0.047551	5.187370	274.708840	1.000000
26		0.002466	0.000000	0.027361	7.878107	1553.289288	1.000000
27		0.001476	0.000000	0.013421	24.954093	1491.358122	1.000000
28		0.000839	0.000000	0.006557	52.542060	2410.448453	1.000000
29		0.000442	0.000000	0.003156	140.253742	3596.855896	1.000000
30		0.000228	0.000000	0.001608	386.412147	6716.404742	1.000000
31		0.000111	0.000000	0.000747	991.306338	11502.023883	1.000000
32		0.000058	0.000000	0.000763	1802.171383	15352.429592	1.000000
33		0.000017	0.000000	0.000223	2090.156821	9076.885797	1.000000
34		0.000011	0.000000	0.000116	2500.049518	295079.562168	1.000000
35		0.000006	0.000000	0.000049	4866.418284	289964.118877	1.000000
36		0.000003	0.000000	0.000023	12888.958134	562629.079908	1.000000
37		0.000001	0.000000	0.000012	44959.827334	972275.324228	1.000000
38		0.000001	0.000000	0.000006	125767.833700	1936338.024835	1.000000
39		0.000000	0.000000	0.000003	256665.483842	3801106.949810	1.000000
40		0.000000	0.000000	0.000001	582149.975711	7635073.830957	1.000000
41		0.000000	0.000000	0.000001	1021973.938468	15362763.890596	1.000000
break at 40
../grid_search_results/lbfgs/monk2/c1_0,001-c2_0,9-theta_0,9-reg_0,0-m_10-arc_[17,10,10,1,] got MEE (TR/VL) 6.45961328104e-08 6.26426382561e-08
4 out of 12 experiments

epoch		MSE		misclass	norm(g)		norm(h)		rho		alpha
------------------------------------------------------------------------------------------------------
1		1.496940	0.378151	0.092139	19.519221	0.556202	1.000000
2		1.065221	0.378151	0.425643	18.655966	5.969081	13.046455
3		1.029351	0.420168	0.835592	16.277231	10.122815	1.000000
4		0.979152	0.411765	0.794462	3.830675	1.516998	0.176884
5		0.856861	0.319328	0.597273	18.024731	4.030961	1.000000
6		0.824855	0.327731	0.244549	3.548812	9.424867	1.000000
7		0.807739	0.319328	0.191063	4.536113	112.830025	1.000000
8		0.773284	0.277311	0.202240	9.084914	23.209317	1.000000
9		0.740022	0.260504	0.225997	16.522997	60.972958	1.000000
10		0.675904	0.243697	0.425808	20.562055	8.123725	1.000000
11		0.641764	0.243697	0.312334	10.256150	17.246254	1.000000
12		0.614746	0.243697	0.248790	3.239761	96.991086	1.000000
13		0.555554	0.184874	0.298346	8.186669	13.408186	1.000000
14		0.487416	0.117647	0.273782	15.106384	60.435540	1.000000
15		0.389704	0.109244	0.456065	20.834936	3.594452	0.457660
16		0.348721	0.092437	0.370177	15.714445	12.319513	1.000000
17		0.327768	0.075630	0.267474	3.330757	179.169562	1.000000
18		0.272061	0.058824	0.177008	6.045383	16.756959	1.000000
19		0.244097	0.058824	0.173108	18.588843	25.188273	1.000000
20		0.228172	0.058824	0.096925	17.429641	52.947473	1.000000
21		0.217556	0.050420	0.064183	17.329681	109.395122	1.000000
22		0.209020	0.050420	0.034655	28.452920	154.120237	1.000000
23		0.204602	0.050420	0.020069	121.644987	257.384197	1.000000
24		0.169405	0.042017	0.037799	146.817471	71.134777	3.934118
25		0.167791	0.042017	0.067075	228.762263	61.981078	1.000000
26		0.163776	0.042017	0.045554	44.527760	304.956751	1.000000
27		0.149506	0.042017	0.205678	12.632738	94.752327	0.358826
28		0.149291	0.033613	0.279960	6.112686	110.498499	0.128879
29		0.139767	0.033613	0.061746	14.714236	49.508753	1.000000
30		0.137305	0.033613	0.030359	6.313019	353.371072	1.000000
31		0.136184	0.033613	0.017658	37.718293	1683.545909	1.000000
32		0.135254	0.033613	0.007938	64.171277	1234.783300	1.000000
33		0.134907	0.033613	0.004227	155.761104	4334.670756	1.000000
34		0.134672	0.033613	0.002235	244.537552	5804.569327	1.000000
35		0.134551	0.033613	0.001175	751.778531	11839.563191	1.000000
36		0.134483	0.033613	0.000701	1254.247457	21269.436804	1.000000
37		0.098366	0.025210	0.203023	2391.259516	372.756975	7.308590
38		0.098364	0.025210	0.204174	1.270763	174538.482796	0.001633
39		0.095702	0.033613	0.177794	4.802324	78.539785	0.609830
40		0.082242	0.016807	0.138865	12.557296	76.639446	1.000000
41		0.069276	0.016807	0.040891	18.268727	25.884937	0.418132
42		0.067951	0.016807	0.013773	40.174506	543.030616	1.000000
43		0.067681	0.016807	0.009275	33.925443	8491.111908	1.000000
44		0.067396	0.016807	0.004679	103.303446	4469.376612	1.000000
45		0.067244	0.016807	0.003597	183.917541	17380.608526	1.000000
46		0.062314	0.016807	0.329633	321.923499	902.292028	1.314158
47		0.062311	0.016807	0.345353	0.202056	53080.481585	0.000241
48		0.058339	0.025210	0.398375	1.393524	2421.307487	3.186636
49		0.055408	0.016807	0.318230	2.328422	180.078668	0.058456
50		0.046139	0.016807	0.286797	6.304864	826.903334	1.524158
51		0.041643	0.008403	0.158209	15.239743	8.629812	1.000000
52		0.040020	0.008403	0.148596	17.786023	21.607602	1.000000
53		0.034387	0.008403	0.028688	15.774734	46.057359	1.000000
54		0.034118	0.008403	0.018304	23.767376	8414.339830	1.000000
55		0.033861	0.008403	0.007628	21.466061	4522.397446	1.000000
56		0.033774	0.008403	0.003813	37.564192	16873.344724	1.000000
57		0.033728	0.008403	0.001851	76.341332	30064.935526	1.000000
58		0.033701	0.008403	0.001065	142.242057	59626.331074	1.000000
59		0.033674	0.008403	0.000730	285.760075	62046.169911	1.000000
60		0.033646	0.008403	0.000378	974.795733	51451.755204	1.000000
61		0.033631	0.008403	0.000190	2842.538177	91756.890223	1.000000
62		0.033623	0.008403	0.000097	5595.960548	177498.884913	1.000000
63		0.033618	0.008403	0.000052	11319.899118	323637.437998	1.000000
64		0.033616	0.008403	0.000029	23656.600631	580140.150820	1.000000
65		0.033615	0.008403	0.000018	55064.381830	960720.558150	1.000000
66		0.033614	0.008403	0.000011	89716.126816	1925145.892558	1.000000
67		0.033340	0.008403	0.004630	139243.957697	103883.172502	10.064011
/home/carlo/Documents/UNIPI/MSc/ML/MLExam/src/Neuron.py:75: RuntimeWarning: overflow encountered in exp
  sigmoid = lambda y: (1 / (1 + np.exp(-y)))
68		0.033340	0.008403	0.004637	8.768875	29872320.119430	0.000008
69		0.031739	0.008403	0.045300	2796.592367	1532.328910	66.109279
70		0.031739	0.008403	0.058971	7.001476	15549.754121	0.000212
71		0.022546	0.008403	0.197312	4.863141	501.574871	7.402737
72		0.020271	0.016807	0.355470	1.898350	109.185196	0.001551
73		0.018092	0.008403	0.170878	5.786071	60.908330	0.415256
74		0.016960	0.008403	0.162132	5.295098	13.952865	0.787114
75		0.010188	0.008403	0.095470	69.970723	11.538577	1.000000
76		0.002180	0.000000	0.056544	92.965093	35.751253	1.000000
77		0.001239	0.000000	0.023663	59.548182	298.218367	1.000000
78		0.000851	0.000000	0.013117	20.973237	413.288176	1.000000
79		0.000534	0.000000	0.010042	102.074015	2704.117759	1.000000
80		0.000299	0.000000	0.005793	126.220214	7626.235678	1.000000
81		0.000134	0.000000	0.002666	141.231460	7806.367621	1.000000
82		0.000068	0.000000	0.001356	255.110368	22183.774938	1.000000
83		0.000034	0.000000	0.000673	511.695025	41508.452485	1.000000
84		0.000018	0.000000	0.000339	997.634438	87740.184942	1.000000
85		0.000010	0.000000	0.000167	1960.848038	168788.427827	1.000000
86		0.000006	0.000000	0.000089	3687.930110	375964.491254	1.000000
87		0.000003	0.000000	0.000046	6705.816210	491161.105409	1.000000
88		0.000002	0.000000	0.000022	20654.436996	858793.409518	1.000000
89		0.000001	0.000000	0.000012	36997.664749	1850088.384069	1.000000
90		0.000001	0.000000	0.000006	84769.586061	2895648.107518	1.000000
91		0.000000	0.000000	0.000003	165865.786720	5151752.918283	1.000000
92		0.000000	0.000000	0.000002	392054.790263	8243011.714238	1.000000
93		0.000000	0.000000	0.000001	641285.360823	19444857.786392	1.000000
break at 92

epoch		MSE		misclass	norm(g)		norm(h)		rho		alpha
------------------------------------------------------------------------------------------------------
1		1.127864	0.386555	0.530706	19.519221	2.271498	0.458994
2		1.074102	0.352941	0.404839	5.780441	55.802184	1.000000
3		1.002306	0.327731	0.591164	6.906721	7.249393	0.521160
4		0.942739	0.361345	0.416019	4.774025	39.082633	1.000000
5		0.885040	0.361345	0.455356	7.758989	4.878475	1.000000
6		0.839611	0.344538	0.352396	8.777192	59.723728	1.000000
7		0.772785	0.302521	0.595689	13.693810	6.529108	0.552331
8		0.750888	0.327731	0.324238	4.367135	16.808641	1.000000
9		0.734377	0.294118	0.237548	2.272119	64.228716	1.000000
10		0.705713	0.235294	0.204767	8.008947	71.290918	1.000000
11		0.646100	0.201681	0.407480	10.328796	15.807124	1.000000
12		0.577124	0.201681	0.445497	10.830577	21.331772	1.000000
13		0.467966	0.176471	0.597725	4.500851	6.035109	1.000000
14		0.374438	0.126050	0.993379	21.904292	4.488607	1.000000
15		0.298778	0.109244	0.534226	2.435620	26.058197	1.000000
16		0.249138	0.100840	0.417279	2.594582	6.882929	1.000000
17		0.210604	0.067227	0.307808	5.458313	88.166254	1.000000
18		0.118975	0.033613	0.248721	8.537216	8.215828	1.000000
19		0.050043	0.008403	0.179895	23.155666	15.957522	1.000000
20		0.023384	0.008403	0.282166	27.150466	10.862799	1.000000
21		0.007524	0.000000	0.140793	16.680622	20.630786	1.000000
22		0.004760	0.000000	0.065482	7.095148	431.106075	1.000000
23		0.003349	0.000000	0.037658	6.999942	1331.178222	1.000000
24		0.002020	0.000000	0.017589	16.519412	1091.207011	1.000000
25		0.001202	0.000000	0.008469	39.120760	1874.147134	1.000000
26		0.000639	0.000000	0.004491	100.549065	2580.358229	1.000000
27		0.000316	0.000000	0.002178	407.686962	4216.312257	1.000000
28		0.000153	0.000000	0.001447	699.424538	7267.883042	1.000000
29		0.000069	0.000000	0.000613	1143.842152	9992.170801	1.000000
30		0.000040	0.000000	0.000341	878.610379	59136.197617	1.000000
31		0.000019	0.000000	0.000158	4204.507710	64272.423184	1.000000
32		0.000010	0.000000	0.000080	8891.695926	155493.784181	1.000000
33		0.000005	0.000000	0.000037	19716.758547	277256.922209	1.000000
34		0.000002	0.000000	0.000022	35545.273789	477701.714613	1.000000
35		0.000001	0.000000	0.000009	83535.476329	612828.365162	1.000000
36		0.000001	0.000000	0.000005	80467.772642	3720536.089103	1.000000
37		0.000000	0.000000	0.000002	275684.550764	4728702.768132	1.000000
38		0.000000	0.000000	0.000001	671883.335122	10940947.456468	1.000000
39		0.000000	0.000000	0.000001	1317093.092598	15274090.413947	1.000000
break at 38

epoch		MSE		misclass	norm(g)		norm(h)		rho		alpha
------------------------------------------------------------------------------------------------------
1		1.146802	0.369748	1.065668	19.519221	1.135782	0.589997
2		0.973237	0.344538	0.628616	5.448886	9.770183	1.000000
3		0.947335	0.420168	1.148165	5.482848	2.737180	0.767840
4		0.871650	0.327731	0.421805	2.797719	8.900033	1.000000
5		0.833125	0.319328	0.380200	2.345300	72.170358	1.000000
6		0.746087	0.310924	0.435255	5.559515	7.571238	1.000000
7		0.684820	0.218487	0.342449	14.299455	32.865105	1.000000
8		0.619996	0.235294	1.174817	14.291591	3.921724	1.000000
9		0.557480	0.151261	0.408581	2.637511	13.961138	1.000000
10		0.511226	0.159664	0.314634	1.779749	43.634496	1.000000
11		0.429858	0.134454	0.298707	7.179012	14.696852	1.000000
12		0.304941	0.084034	0.303439	29.563035	8.973958	1.000000
13		0.188527	0.050420	0.412681	21.454512	5.216374	1.000000
14		0.117565	0.025210	0.566729	18.407015	6.009012	1.000000
15		0.091950	0.000000	0.727311	5.953775	4.809560	1.000000
16		0.058923	0.000000	0.228728	3.133648	21.317742	1.000000
17		0.045368	0.000000	0.158259	2.752120	207.206018	1.000000
18		0.021862	0.000000	0.080394	8.443125	49.061958	1.000000
19		0.010393	0.000000	0.038069	38.412415	117.188932	1.000000
20		0.004643	0.000000	0.018194	81.152008	207.510130	1.000000
21		0.002097	0.000000	0.008517	177.380474	426.688830	1.000000
22		0.000969	0.000000	0.003984	302.779094	989.982642	1.000000
23		0.000466	0.000000	0.001860	593.173115	2197.903706	1.000000
24		0.000214	0.000000	0.000829	1087.361578	4471.976637	1.000000
25		0.000105	0.000000	0.000401	2721.373786	12432.912297	1.000000
26		0.000050	0.000000	0.000199	7061.379924	24755.503405	1.000000
27		0.000024	0.000000	0.000110	15871.899825	43903.709205	1.000000
28		0.000010	0.000000	0.000054	23279.320712	69278.275687	1.000000
29		0.000005	0.000000	0.000023	28322.024180	279707.472597	1.000000
30		0.000002	0.000000	0.000012	60627.102950	464710.559114	1.000000
31		0.000001	0.000000	0.000005	326136.707708	938915.968094	1.000000
32		0.000001	0.000000	0.000003	195891.683699	2317018.544380	1.000000
33		0.000000	0.000000	0.000002	968250.956291	3776502.479385	1.000000
34		0.000000	0.000000	0.000001	1304325.673558	6140201.315675	1.000000
break at 33

epoch		MSE		misclass	norm(g)		norm(h)		rho		alpha
------------------------------------------------------------------------------------------------------
1		1.512219	0.378151	0.002497	19.519221	0.229348	1.000000
max zoom iterations
2		1.510678	0.378151	0.012419	19.502281	-408.421661	100.000000
Traceback (most recent call last):
  File "experiments.py", line 166, in <module>
    lbfgs_all_grid_search()
  File "experiments.py", line 125, in lbfgs_all_grid_search
    lbfgs_training_monk(train_file=monk2_train_file, grid_search_param=param_lbfgs, save_dir=lbfgs_dir + monk2)
  File "experiments.py", line 61, in lbfgs_training_monk
    n_trials=5, save_in_dir=save_dir)
  File "/home/carlo/Documents/UNIPI/MSc/ML/MLExam/src/grid_search.py", line 95, in grid_search_LBFGS
    m=m, epochs=parameter.epoch, regularization=reg)
  File "/home/carlo/Documents/UNIPI/MSc/ML/MLExam/src/Neural_network.py", line 524, in trainLBFGS
    alpha = self.armijo_wolfe_line_search(alpha_0, c_1, c_2, data, gradient_old, loss, lossObject, p, targets, theta, regularization)
  File "/home/carlo/Documents/UNIPI/MSc/ML/MLExam/src/Neural_network.py", line 596, in armijo_wolfe_line_search
    raise Exception("Expected phi'(0) < 0 to be a descent direction. but is phi'(0) =", phi_p_0)
Exception: ("Expected phi'(0) < 0 to be a descent direction. but is phi'(0) =", 0.0038557688127896193)

