
LBFGS-MONK1


LBFGS-MONK2


LBFGS-MONK3


LBFGS-CUP

BEGIN GRID SEARCH L-BFGS: 48 experiments
0 out of 48 experiments

epoch		MSE		misclass	norm(g)		norm(h)		rho		alpha
------------------------------------------------------------------------------------------------------
1		14.969876	0.000000	69.505139	15.556349	0.006091	0.033899
2		8.466476	0.000000	35.586495	0.368083	0.005543	1.000000
3		4.474713	0.000000	70.002667	0.950337	0.004393	1.000000
4		4.154860	0.000000	17.522844	0.462609	0.108518	0.093026
5		4.117376	0.000000	13.930915	0.023277	6.213701	1.000000
6		4.006012	0.000000	21.180585	0.029205	1.363497	1.000000
7		3.639932	0.000000	23.309448	0.034578	0.447997	1.000000
8		3.531781	0.000000	11.680837	0.488137	2.480113	0.036181
9		3.412387	0.000000	9.270889	0.036073	1.526549	1.000000
10		3.272286	0.000000	11.943979	0.048218	1.976973	1.000000
11		3.152351	0.000000	13.459028	0.317106	0.416616	0.309307
12		3.067122	0.000000	8.106933	0.075265	3.271625	1.000000
13		3.007592	0.000000	7.231259	0.099436	1.130692	1.000000
14		2.916398	0.000000	8.013654	0.287055	1.409555	1.000000
15		2.809552	0.000000	13.353257	0.377851	0.166188	1.000000
16		2.535863	0.000000	6.732042	0.425001	0.322467	1.000000
17		2.414759	0.000000	5.388533	0.205750	6.486454	1.000000
18		2.063811	0.000000	3.236124	0.890117	0.447803	1.000000
19		1.946197	0.000000	3.708164	1.105653	1.350325	1.000000
20		1.846481	0.000000	3.362939	0.634942	1.085217	1.000000
21		1.759594	0.000000	3.492830	1.000519	1.256664	1.000000
22		1.701794	0.000000	3.457176	0.608978	1.974327	1.000000
23		1.649047	0.000000	2.792028	0.324244	19.027288	1.000000
24		1.521746	0.000000	2.778448	1.009248	0.775680	1.000000
25		1.472508	0.000000	3.124044	1.086392	1.741381	1.000000
26		1.461429	0.000000	2.659074	0.405668	4.213422	1.000000
27		1.453817	0.000000	1.364151	0.157877	37.252610	1.000000
28		1.446466	0.000000	1.015255	0.166809	36.502086	1.000000
29		1.439900	0.000000	0.961279	0.206062	89.203476	1.000000
30		1.423408	0.000000	1.324939	0.508194	23.639407	1.000000
31		1.404644	0.000000	1.156584	0.308283	8.406832	1.000000
32		1.393286	0.000000	1.358577	0.803618	18.422716	1.000000
33		1.379435	0.000000	1.732747	0.418858	8.923309	1.000000
34		1.369425	0.000000	1.318586	0.392780	26.427394	1.000000
35		1.352261	0.000000	1.440029	0.276750	15.609042	1.000000
36		1.341065	0.000000	1.163852	1.414913	45.872953	0.145150
37		1.325357	0.000000	1.252385	0.172973	45.914116	1.000000
38		1.319214	0.000000	1.557446	0.726942	16.417575	0.305067
